Sitter ID: 5 is now a favourite with winkability 1.2
Sitter ID: 3 is now a favourite with winkability 1.2

--- Iteration 1 ---
Tapper 11 winked at Sitter 5.
[11, 5]
Tapper 5 is assigned to Sitter 5.
Sitter Value: 2.42253385893971, Tapper Value: 4.094383307296017, Total: 6.516917166235727, Random: 2.3126977673246003
[2.42253385893971,4.094383307296017,6.516917166235727,2.3126977673246003]
Sitter 5 escaped successfully!

Current Sitters Status:
[1, 0, 0, 6.510414611693258, 0.559819478879251, 1, 0, 3],
[2, 0, 0, 5.765102502393544, 0.9171188113014569, 1, 0, 3],
[3, 0, 0, 6.2483668935760495, 0.5115876423741468, 1.2, 0, 2],
[4, 0, 0, 5.325602012334093, 0.6981671509234204, 1, 0, 5],
[5, 1, 0, 3.161452185227571, 0.7662724966265237, 1.2, 2, 5],
[6, 0, 0, 6.615716125704209, 0.6603084327425993, 1, 0, 2],
[7, 0, 0, 4.976694919634789, 0.8207494012342238, 1, 0, 2],
[8, 0, 0, 6.241615237151816, 0.896319503880158, 1, 0, 2],
[9, 0, 0, 5.616632343013568, 0.5017608887923966, 1, 0, 3],
[10, 0, 0, 4.197701243521374, 0.8247976229196341, 1, 0, 4],

Current Tappers Status:
[1, 1, 0, 0, 5.682819720012516, 0.6800998611237453, 0],
[2, 2, 0, 0, 6.379224809006077, 0.6210610873218323, 0],
[3, 3, 0, 0, 4.142473669972382, 0.6963121280567747, 0],
[4, 4, 0, 0, 6.109131683835281, 0.7893312286197531, 0],
[5, -1, 0, 1, 4.4590380331080235, 0.9182212120406974, 2],
[6, 6, 0, 0, 3.9027226794574323, 0.5103861234461571, 0],
[7, 7, 0, 0, 6.395904793661159, 0.6701334920961759, 0],
[8, 8, 0, 0, 5.820327746752531, 0.6619472305015872, 0],
[9, 9, 0, 0, 4.820010651177505, 0.8301867026243839, 0],
[10, 10, 0, 0, 4.728228081250627, 0.7527010902530991, 0],
[11, 5, 0, 0, 4.764309103652718, 0.8950505488335931, 2],

--- Iteration 2 ---
Tapper 5 winked at Sitter 6.
[5, 6]
Tapper 6 is assigned to Sitter 6.
Sitter Value: 4.368413146433687, Tapper Value: 1.991895499253678, Total: 6.360308645687365, Random: 1.640479843941199
[4.368413146433687,1.991895499253678,6.360308645687365,1.640479843941199]
Sitter 6 escaped successfully!

Current Sitters Status:
[1, 0, 0, 6.510414611693258, 0.559819478879251, 1, 0, 2],
[2, 0, 0, 5.765102502393544, 0.9171188113014569, 1, 0, 2],
[3, 0, 0, 6.2483668935760495, 0.5115876423741468, 1.2, 0, 1],
[4, 0, 0, 5.325602012334093, 0.6981671509234204, 1, 0, 4],
[5, 1, 0, 3.161452185227571, 0.7662724966265237, 1.2, 2, 4],
[6, 1, 0, 6.615716125704209, 0.6603084327425993, 1, 2, 3],
[7, 0, 0, 4.976694919634789, 0.8207494012342238, 1, 0, 1],
[8, 0, 0, 6.241615237151816, 0.896319503880158, 1, 0, 1],
[9, 0, 0, 5.616632343013568, 0.5017608887923966, 1, 0, 2],
[10, 0, 0, 4.197701243521374, 0.8247976229196341, 1, 0, 3],

Current Tappers Status:
[1, 1, 0, 0, 5.682819720012516, 0.6800998611237453, 0],
[2, 2, 0, 0, 6.379224809006077, 0.6210610873218323, 0],
[3, 3, 0, 0, 4.142473669972382, 0.6963121280567747, 0],
[4, 4, 0, 0, 6.109131683835281, 0.7893312286197531, 0],
[5, 6, 0, 1, 4.4590380331080235, 0.9182212120406974, 4],
[6, -1, 0, 1, 3.9027226794574323, 0.5103861234461571, 2],
[7, 7, 0, 0, 6.395904793661159, 0.6701334920961759, 0],
[8, 8, 0, 0, 5.820327746752531, 0.6619472305015872, 0],
[9, 9, 0, 0, 4.820010651177505, 0.8301867026243839, 0],
[10, 10, 0, 0, 4.728228081250627, 0.7527010902530991, 0],
[11, 5, 0, 0, 4.764309103652718, 0.8950505488335931, 2],

--- Iteration 3 ---
Tapper 6 winked at Sitter 4.
[6, 4]
Tapper 4 is assigned to Sitter 4.
Sitter Value: 3.718160383903328, Tapper Value: 4.822128417801564, Total: 8.540288801704893, Random: 5.0919845420907155
[3.718160383903328,4.822128417801564,8.540288801704893,5.0919845420907155]
Sitter 4 was tapped.

Current Sitters Status:
[1, 0, 0, 6.510414611693258, 0.559819478879251, 1, 0, 1],
[2, 0, 0, 5.765102502393544, 0.9171188113014569, 1, 0, 1],
[3, 0, 0, 6.2483668935760495, 0.5115876423741468, 1.2, -1, 0],
[4, 0, 1, 5.325602012334093, 0.6981671509234204, 1, 2, 6],
[5, 1, 0, 3.161452185227571, 0.7662724966265237, 1.2, 2, 3],
[6, 1, 0, 6.615716125704209, 0.6603084327425993, 1, 2, 2],
[7, 0, 0, 4.976694919634789, 0.8207494012342238, 1, -1, 0],
[8, 0, 0, 6.241615237151816, 0.896319503880158, 1, -1, 0],
[9, 0, 0, 5.616632343013568, 0.5017608887923966, 1, 0, 1],
[10, 0, 0, 4.197701243521374, 0.8247976229196341, 1, 0, 2],

Current Tappers Status:
[1, 1, 0, 0, 5.682819720012516, 0.6800998611237453, 0],
[2, 2, 0, 0, 6.379224809006077, 0.6210610873218323, -1],
[3, 3, 0, 0, 4.142473669972382, 0.6963121280567747, -1],
[4, 4, 1, 0, 6.109131683835281, 0.7893312286197531, 2],
[5, 6, 0, 1, 4.4590380331080235, 0.9182212120406974, 4],
[6, -1, 0, 1, 3.9027226794574323, 0.5103861234461571, 4],
[7, 7, 0, 0, 6.395904793661159, 0.6701334920961759, -1],
[8, 8, 0, 0, 5.820327746752531, 0.6619472305015872, 0],
[9, 9, 0, 0, 4.820010651177505, 0.8301867026243839, 0],
[10, 10, 0, 0, 4.728228081250627, 0.7527010902530991, -1],
[11, 5, 0, 0, 4.764309103652718, 0.8950505488335931, 2],

--- Iteration 4 ---
Tapper 6 winked at Sitter 1.
[6, 1]
Tapper 1 is assigned to Sitter 1.
Sitter Value: 3.6446569152059807, Tapper Value: 3.8648849023717933, Total: 7.509541817577774, Random: 5.572762161327361
[3.6446569152059807,3.8648849023717933,7.509541817577774,5.572762161327361]
Sitter 1 was tapped.

Current Sitters Status:
[1, 0, 1, 6.510414611693258, 0.559819478879251, 1, 2, 4],
[2, 0, 0, 5.765102502393544, 0.9171188113014569, 1, -1, 0],
[3, 0, 0, 6.2483668935760495, 0.5115876423741468, 1.2, -2, 0],
[4, 0, 1, 5.325602012334093, 0.6981671509234204, 1, 2, 5],
[5, 1, 0, 3.161452185227571, 0.7662724966265237, 1.2, 2, 2],
[6, 1, 0, 6.615716125704209, 0.6603084327425993, 1, 2, 1],
[7, 0, 0, 4.976694919634789, 0.8207494012342238, 1, -2, 0],
[8, 0, 0, 6.241615237151816, 0.896319503880158, 1, -2, 0],
[9, 0, 0, 5.616632343013568, 0.5017608887923966, 1, -1, 0],
[10, 0, 0, 4.197701243521374, 0.8247976229196341, 1, 0, 1],

Current Tappers Status:
[1, 1, 1, 0, 5.682819720012516, 0.6800998611237453, 2],
[2, 2, 0, 0, 6.379224809006077, 0.6210610873218323, -2],
[3, 3, 0, 0, 4.142473669972382, 0.6963121280567747, -2],
[4, 4, 1, 0, 6.109131683835281, 0.7893312286197531, 2],
[5, 6, 0, 1, 4.4590380331080235, 0.9182212120406974, 4],
[6, -1, 0, 1, 3.9027226794574323, 0.5103861234461571, 6],
[7, 7, 0, 0, 6.395904793661159, 0.6701334920961759, -2],
[8, 8, 0, 0, 5.820327746752531, 0.6619472305015872, 0],
[9, 9, 0, 0, 4.820010651177505, 0.8301867026243839, -1],
[10, 10, 0, 0, 4.728228081250627, 0.7527010902530991, -2],
[11, 5, 0, 0, 4.764309103652718, 0.8950505488335931, 2],

--- Iteration 5 ---
Tapper 6 winked at Sitter 6.
[6, 6]
Tapper 5 is assigned to Sitter 6.
Sitter Value: 4.368413146433687, Tapper Value: 4.094383307296017, Total: 8.462796453729704, Random: 0.5604208530954636
[4.368413146433687,4.094383307296017,8.462796453729704,0.5604208530954636]
Sitter 6 escaped successfully!

Current Sitters Status:
[1, 0, 1, 6.510414611693258, 0.559819478879251, 1, 2, 3],
[2, 0, 0, 5.765102502393544, 0.9171188113014569, 1, -2, 0],
[3, 0, 0, 6.2483668935760495, 0.5115876423741468, 1.2, -3, 0],
[4, 0, 1, 5.325602012334093, 0.6981671509234204, 1, 2, 4],
[5, 1, 0, 3.161452185227571, 0.7662724966265237, 1.2, 2, 1],
[6, 2, 0, 6.615716125704209, 0.6603084327425993, 1, 4, 3],
[7, 0, 0, 4.976694919634789, 0.8207494012342238, 1, -3, 0],
[8, 0, 0, 6.241615237151816, 0.896319503880158, 1, -3, 0],
[9, 0, 0, 5.616632343013568, 0.5017608887923966, 1, -2, 0],
[10, 0, 0, 4.197701243521374, 0.8247976229196341, 1, -1, 0],

Current Tappers Status:
[1, 1, 1, 0, 5.682819720012516, 0.6800998611237453, 2],
[2, 2, 0, 0, 6.379224809006077, 0.6210610873218323, -3],
[3, 3, 0, 0, 4.142473669972382, 0.6963121280567747, -3],
[4, 4, 1, 0, 6.109131683835281, 0.7893312286197531, 2],
[5, -1, 0, 2, 4.4590380331080235, 0.9182212120406974, 6],
[6, 6, 0, 1, 3.9027226794574323, 0.5103861234461571, 8],
[7, 7, 0, 0, 6.395904793661159, 0.6701334920961759, -3],
[8, 8, 0, 0, 5.820327746752531, 0.6619472305015872, 0],
[9, 9, 0, 0, 4.820010651177505, 0.8301867026243839, -2],
[10, 10, 0, 0, 4.728228081250627, 0.7527010902530991, -3],
[11, 5, 0, 0, 4.764309103652718, 0.8950505488335931, 2],

--- Iteration 6 ---
Tapper 5 winked at Sitter 2.
[5, 2]
Tapper 2 is assigned to Sitter 2.
Sitter Value: 5.287283954026222, Tapper Value: 3.9618882961517223, Total: 9.249172250177944, Random: 2.564894924760019
[5.287283954026222,3.9618882961517223,9.249172250177944,2.564894924760019]
Sitter 2 escaped successfully!

Current Sitters Status:
[1, 0, 1, 6.510414611693258, 0.559819478879251, 1, 2, 2],
[2, 1, 0, 5.765102502393544, 0.9171188113014569, 1, 0, 4],
[3, 0, 0, 6.2483668935760495, 0.5115876423741468, 1.2, -4, 0],
[4, 0, 1, 5.325602012334093, 0.6981671509234204, 1, 2, 3],
[5, 1, 0, 3.161452185227571, 0.7662724966265237, 1.2, 1, 0],
[6, 2, 0, 6.615716125704209, 0.6603084327425993, 1, 4, 2],
[7, 0, 0, 4.976694919634789, 0.8207494012342238, 1, -4, 0],
[8, 0, 0, 6.241615237151816, 0.896319503880158, 1, -4, 0],
[9, 0, 0, 5.616632343013568, 0.5017608887923966, 1, -3, 0],
[10, 0, 0, 4.197701243521374, 0.8247976229196341, 1, -2, 0],

Current Tappers Status:
[1, 1, 1, 0, 5.682819720012516, 0.6800998611237453, 2],
[2, -1, 0, 1, 6.379224809006077, 0.6210610873218323, -1],
[3, 3, 0, 0, 4.142473669972382, 0.6963121280567747, -4],
[4, 4, 1, 0, 6.109131683835281, 0.7893312286197531, 2],
[5, 2, 0, 2, 4.4590380331080235, 0.9182212120406974, 8],
[6, 6, 0, 1, 3.9027226794574323, 0.5103861234461571, 8],
[7, 7, 0, 0, 6.395904793661159, 0.6701334920961759, -4],
[8, 8, 0, 0, 5.820327746752531, 0.6619472305015872, -1],
[9, 9, 0, 0, 4.820010651177505, 0.8301867026243839, -3],
[10, 10, 0, 0, 4.728228081250627, 0.7527010902530991, -4],
[11, 5, 0, 0, 4.764309103652718, 0.8950505488335931, 2],

--- Iteration 7 ---
Tapper 2 winked at Sitter 6.
[2, 6]
Tapper 6 is assigned to Sitter 6.
Sitter Value: 4.368413146433687, Tapper Value: 1.991895499253678, Total: 6.360308645687365, Random: 1.9587367433899143
[4.368413146433687,1.991895499253678,6.360308645687365,1.9587367433899143]
Sitter 6 escaped successfully!

Current Sitters Status:
[1, 0, 1, 6.510414611693258, 0.559819478879251, 1, 2, 1],
[2, 1, 0, 5.765102502393544, 0.9171188113014569, 1, 0, 3],
[3, 0, 0, 6.2483668935760495, 0.5115876423741468, 1.2, -5, 0],
[4, 0, 1, 5.325602012334093, 0.6981671509234204, 1, 2, 2],
[5, 1, 0, 3.161452185227571, 0.7662724966265237, 1.2, 0, 0],
[6, 3, 0, 6.615716125704209, 0.6603084327425993, 1, 6, 3],
[7, 0, 0, 4.976694919634789, 0.8207494012342238, 1, -5, 0],
[8, 0, 0, 6.241615237151816, 0.896319503880158, 1, -5, 0],
[9, 0, 0, 5.616632343013568, 0.5017608887923966, 1, -4, 0],
[10, 0, 0, 4.197701243521374, 0.8247976229196341, 1, -3, 0],

Current Tappers Status:
[1, 1, 1, 0, 5.682819720012516, 0.6800998611237453, 2],
[2, 6, 0, 1, 6.379224809006077, 0.6210610873218323, 1],
[3, 3, 0, 0, 4.142473669972382, 0.6963121280567747, -5],
[4, 4, 1, 0, 6.109131683835281, 0.7893312286197531, 1],
[5, 2, 0, 2, 4.4590380331080235, 0.9182212120406974, 8],
[6, -1, 0, 2, 3.9027226794574323, 0.5103861234461571, 10],
[7, 7, 0, 0, 6.395904793661159, 0.6701334920961759, -5],
[8, 8, 0, 0, 5.820327746752531, 0.6619472305015872, -2],
[9, 9, 0, 0, 4.820010651177505, 0.8301867026243839, -4],
[10, 10, 0, 0, 4.728228081250627, 0.7527010902530991, -5],
[11, 5, 0, 0, 4.764309103652718, 0.8950505488335931, 1],

--- Iteration 8 ---
Tapper 6 winked at Sitter 7.
[6, 7]
Tapper 7 is assigned to Sitter 7.
Sitter Value: 4.084619375415657, Tapper Value: 4.2861100144908235, Total: 8.37072938990648, Random: 2.051842338780726
[4.084619375415657,4.2861100144908235,8.37072938990648,2.051842338780726]
Sitter 7 escaped successfully!

Current Sitters Status:
[1, 0, 1, 6.510414611693258, 0.559819478879251, 1, 1, 0],
[2, 1, 0, 5.765102502393544, 0.9171188113014569, 1, 0, 2],
[3, 0, 0, 6.2483668935760495, 0.5115876423741468, 1.2, -6, 0],
[4, 0, 1, 5.325602012334093, 0.6981671509234204, 1, 2, 1],
[5, 1, 0, 3.161452185227571, 0.7662724966265237, 1.2, -1, 0],
[6, 3, 0, 6.615716125704209, 0.6603084327425993, 1, 6, 2],
[7, 1, 0, 4.976694919634789, 0.8207494012342238, 1, -3, 3],
[8, 0, 0, 6.241615237151816, 0.896319503880158, 1, -6, 0],
[9, 0, 0, 5.616632343013568, 0.5017608887923966, 1, -5, 0],
[10, 0, 0, 4.197701243521374, 0.8247976229196341, 1, -4, 0],

Current Tappers Status:
[1, 1, 1, 0, 5.682819720012516, 0.6800998611237453, 2],
[2, 6, 0, 1, 6.379224809006077, 0.6210610873218323, 1],
[3, 3, 0, 0, 4.142473669972382, 0.6963121280567747, -6],
[4, 4, 1, 0, 6.109131683835281, 0.7893312286197531, 0],
[5, 2, 0, 2, 4.4590380331080235, 0.9182212120406974, 8],
[6, 7, 0, 2, 3.9027226794574323, 0.5103861234461571, 12],
[7, -1, 0, 1, 6.395904793661159, 0.6701334920961759, -3],
[8, 8, 0, 0, 5.820327746752531, 0.6619472305015872, -3],
[9, 9, 0, 0, 4.820010651177505, 0.8301867026243839, -5],
[10, 10, 0, 0, 4.728228081250627, 0.7527010902530991, -6],
[11, 5, 0, 0, 4.764309103652718, 0.8950505488335931, 0],

--- Iteration 9 ---
Tapper 7 winked at Sitter 2.
[7, 2]
Tapper 5 is assigned to Sitter 2.
Sitter Value: 5.287283954026222, Tapper Value: 4.094383307296017, Total: 9.381667261322239, Random: 7.881330482096373
[5.287283954026222,4.094383307296017,9.381667261322239,7.881330482096373]
Sitter 2 was tapped.

Current Sitters Status:
[1, 0, 1, 6.510414611693258, 0.559819478879251, 1, 0, 0],
[2, 1, 1, 5.765102502393544, 0.9171188113014569, 1, 2, 4],
[3, 0, 0, 6.2483668935760495, 0.5115876423741468, 1.2, -7, 0],
[4, 0, 1, 5.325602012334093, 0.6981671509234204, 1, 1, 0],
[5, 1, 0, 3.161452185227571, 0.7662724966265237, 1.2, -2, 0],
[6, 3, 0, 6.615716125704209, 0.6603084327425993, 1, 6, 1],
[7, 1, 0, 4.976694919634789, 0.8207494012342238, 1, -3, 2],
[8, 0, 0, 6.241615237151816, 0.896319503880158, 1, -7, 0],
[9, 0, 0, 5.616632343013568, 0.5017608887923966, 1, -6, 0],
[10, 0, 0, 4.197701243521374, 0.8247976229196341, 1, -5, 0],

Current Tappers Status:
[1, 1, 1, 0, 5.682819720012516, 0.6800998611237453, 2],
[2, 6, 0, 1, 6.379224809006077, 0.6210610873218323, 1],
[3, 3, 0, 0, 4.142473669972382, 0.6963121280567747, -7],
[4, 4, 1, 0, 6.109131683835281, 0.7893312286197531, -1],
[5, 2, 1, 2, 4.4590380331080235, 0.9182212120406974, 10],
[6, 7, 0, 2, 3.9027226794574323, 0.5103861234461571, 12],
[7, -1, 0, 1, 6.395904793661159, 0.6701334920961759, -1],
[8, 8, 0, 0, 5.820327746752531, 0.6619472305015872, -4],
[9, 9, 0, 0, 4.820010651177505, 0.8301867026243839, -6],
[10, 10, 0, 0, 4.728228081250627, 0.7527010902530991, -7],
[11, 5, 0, 0, 4.764309103652718, 0.8950505488335931, -1],

--- Iteration 10 ---
Tapper 7 winked at Sitter 10.
[7, 10]
Tapper 10 is assigned to Sitter 10.
Sitter Value: 3.4622540073832213, Tapper Value: 3.5589424317226657, Total: 7.021196439105887, Random: 1.7161849901538502
[3.4622540073832213,3.5589424317226657,7.021196439105887,1.7161849901538502]
Sitter 10 escaped successfully!

Current Sitters Status:
[1, 0, 1, 6.510414611693258, 0.559819478879251, 1, -1, 0],
[2, 1, 1, 5.765102502393544, 0.9171188113014569, 1, 2, 3],
[3, 0, 0, 6.2483668935760495, 0.5115876423741468, 1.2, -8, 0],
[4, 0, 1, 5.325602012334093, 0.6981671509234204, 1, 0, 0],
[5, 1, 0, 3.161452185227571, 0.7662724966265237, 1.2, -3, 0],
[6, 3, 0, 6.615716125704209, 0.6603084327425993, 1, 5, 0],
[7, 1, 0, 4.976694919634789, 0.8207494012342238, 1, -3, 1],
[8, 0, 0, 6.241615237151816, 0.896319503880158, 1, -8, 0],
[9, 0, 0, 5.616632343013568, 0.5017608887923966, 1, -7, 0],
[10, 1, 0, 4.197701243521374, 0.8247976229196341, 1, -3, 5],

Current Tappers Status:
[1, 1, 1, 0, 5.682819720012516, 0.6800998611237453, 1],
[2, 6, 0, 1, 6.379224809006077, 0.6210610873218323, 0],
[3, 3, 0, 0, 4.142473669972382, 0.6963121280567747, -8],
[4, 4, 1, 0, 6.109131683835281, 0.7893312286197531, -2],
[5, 2, 1, 2, 4.4590380331080235, 0.9182212120406974, 10],
[6, 7, 0, 2, 3.9027226794574323, 0.5103861234461571, 12],
[7, 10, 0, 1, 6.395904793661159, 0.6701334920961759, 1],
[8, 8, 0, 0, 5.820327746752531, 0.6619472305015872, -5],
[9, 9, 0, 0, 4.820010651177505, 0.8301867026243839, -7],
[10, -1, 0, 1, 4.728228081250627, 0.7527010902530991, -5],
[11, 5, 0, 0, 4.764309103652718, 0.8950505488335931, -2],

--- Iteration 11 ---
Tapper 10 winked at Sitter 3.
[10, 3]
Tapper 3 is assigned to Sitter 3.
Sitter Value: 3.1965872877732426, Tapper Value: 2.884454656557627, Total: 6.081041944330869, Random: 1.8045553595847785
[3.1965872877732426,2.884454656557627,6.081041944330869,1.8045553595847785]
Sitter 3 escaped successfully!

Current Sitters Status:
[1, 0, 1, 6.510414611693258, 0.559819478879251, 1, -2, 0],
[2, 1, 1, 5.765102502393544, 0.9171188113014569, 1, 2, 2],
[3, 1, 0, 6.2483668935760495, 0.5115876423741468, 1.2, -6, 3],
[4, 0, 1, 5.325602012334093, 0.6981671509234204, 1, -1, 0],
[5, 1, 0, 3.161452185227571, 0.7662724966265237, 1.2, -4, 0],
[6, 3, 0, 6.615716125704209, 0.6603084327425993, 1, 4, 0],
[7, 1, 0, 4.976694919634789, 0.8207494012342238, 1, -4, 0],
[8, 0, 0, 6.241615237151816, 0.896319503880158, 1, -9, 0],
[9, 0, 0, 5.616632343013568, 0.5017608887923966, 1, -8, 0],
[10, 1, 0, 4.197701243521374, 0.8247976229196341, 1, -3, 4],

Current Tappers Status:
[1, 1, 1, 0, 5.682819720012516, 0.6800998611237453, 0],
[2, 6, 0, 1, 6.379224809006077, 0.6210610873218323, -1],
[3, -1, 0, 1, 4.142473669972382, 0.6963121280567747, -6],
[4, 4, 1, 0, 6.109131683835281, 0.7893312286197531, -3],
[5, 2, 1, 2, 4.4590380331080235, 0.9182212120406974, 10],
[6, 7, 0, 2, 3.9027226794574323, 0.5103861234461571, 12],
[7, 10, 0, 1, 6.395904793661159, 0.6701334920961759, 1],
[8, 8, 0, 0, 5.820327746752531, 0.6619472305015872, -6],
[9, 9, 0, 0, 4.820010651177505, 0.8301867026243839, -8],
[10, 3, 0, 1, 4.728228081250627, 0.7527010902530991, -3],
[11, 5, 0, 0, 4.764309103652718, 0.8950505488335931, -3],

--- Iteration 12 ---
Tapper 3 winked at Sitter 2.
[3, 2]
Tapper 5 is assigned to Sitter 2.
Sitter Value: 5.287283954026222, Tapper Value: 4.094383307296017, Total: 9.381667261322239, Random: 1.4116898320787359
[5.287283954026222,4.094383307296017,9.381667261322239,1.4116898320787359]
Sitter 2 escaped successfully!

Current Sitters Status:
[1, 0, 1, 6.510414611693258, 0.559819478879251, 1, -3, 0],
[2, 2, 1, 5.765102502393544, 0.9171188113014569, 1, 4, 4],
[3, 1, 0, 6.2483668935760495, 0.5115876423741468, 1.2, -6, 2],
[4, 0, 1, 5.325602012334093, 0.6981671509234204, 1, -2, 0],
[5, 1, 0, 3.161452185227571, 0.7662724966265237, 1.2, -5, 0],
[6, 3, 0, 6.615716125704209, 0.6603084327425993, 1, 3, 0],
[7, 1, 0, 4.976694919634789, 0.8207494012342238, 1, -5, 0],
[8, 0, 0, 6.241615237151816, 0.896319503880158, 1, -10, 0],
[9, 0, 0, 5.616632343013568, 0.5017608887923966, 1, -9, 0],
[10, 1, 0, 4.197701243521374, 0.8247976229196341, 1, -3, 3],

Current Tappers Status:
[1, 1, 1, 0, 5.682819720012516, 0.6800998611237453, -1],
[2, 6, 0, 1, 6.379224809006077, 0.6210610873218323, -2],
[3, 2, 0, 1, 4.142473669972382, 0.6963121280567747, -4],
[4, 4, 1, 0, 6.109131683835281, 0.7893312286197531, -4],
[5, -1, 1, 3, 4.4590380331080235, 0.9182212120406974, 12],
[6, 7, 0, 2, 3.9027226794574323, 0.5103861234461571, 12],
[7, 10, 0, 1, 6.395904793661159, 0.6701334920961759, 1],
[8, 8, 0, 0, 5.820327746752531, 0.6619472305015872, -7],
[9, 9, 0, 0, 4.820010651177505, 0.8301867026243839, -9],
[10, 3, 0, 1, 4.728228081250627, 0.7527010902530991, -3],
[11, 5, 0, 0, 4.764309103652718, 0.8950505488335931, -4],

--- Iteration 13 ---
Tapper 5 winked at Sitter 5.
[5, 5]
Tapper 11 is assigned to Sitter 5.
Sitter Value: 2.42253385893971, Tapper Value: 4.26429747803725, Total: 6.68683133697696, Random: 5.272700476572766
[2.42253385893971,4.26429747803725,6.68683133697696,5.272700476572766]
Sitter 5 was tapped.

Current Sitters Status:
[1, 0, 1, 6.510414611693258, 0.559819478879251, 1, -4, 0],
[2, 2, 1, 5.765102502393544, 0.9171188113014569, 1, 4, 3],
[3, 1, 0, 6.2483668935760495, 0.5115876423741468, 1.2, -6, 1],
[4, 0, 1, 5.325602012334093, 0.6981671509234204, 1, -3, 0],
[5, 1, 1, 3.161452185227571, 0.7662724966265237, 1.2, -3, 5],
[6, 3, 0, 6.615716125704209, 0.6603084327425993, 1, 2, 0],
[7, 1, 0, 4.976694919634789, 0.8207494012342238, 1, -6, 0],
[8, 0, 0, 6.241615237151816, 0.896319503880158, 1, -11, 0],
[9, 0, 0, 5.616632343013568, 0.5017608887923966, 1, -10, 0],
[10, 1, 0, 4.197701243521374, 0.8247976229196341, 1, -3, 2],

Current Tappers Status:
[1, 1, 1, 0, 5.682819720012516, 0.6800998611237453, -2],
[2, 6, 0, 1, 6.379224809006077, 0.6210610873218323, -3],
[3, 2, 0, 1, 4.142473669972382, 0.6963121280567747, -4],
[4, 4, 1, 0, 6.109131683835281, 0.7893312286197531, -5],
[5, -1, 1, 3, 4.4590380331080235, 0.9182212120406974, 14],
[6, 7, 0, 2, 3.9027226794574323, 0.5103861234461571, 11],
[7, 10, 0, 1, 6.395904793661159, 0.6701334920961759, 0],
[8, 8, 0, 0, 5.820327746752531, 0.6619472305015872, -8],
[9, 9, 0, 0, 4.820010651177505, 0.8301867026243839, -10],
[10, 3, 0, 1, 4.728228081250627, 0.7527010902530991, -3],
[11, 5, 1, 0, 4.764309103652718, 0.8950505488335931, -2],

--- Iteration 14 ---
Tapper 5 winked at Sitter 2.
[5, 2]
Tapper 3 is assigned to Sitter 2.
Sitter Value: 5.287283954026222, Tapper Value: 2.884454656557627, Total: 8.171738610583848, Random: 2.8894292985193846
[5.287283954026222,2.884454656557627,8.171738610583848,2.8894292985193846]
Sitter 2 escaped successfully!

Current Sitters Status:
[1, 0, 1, 6.510414611693258, 0.559819478879251, 1, -5, 0],
[2, 3, 1, 5.765102502393544, 0.9171188113014569, 1, 6, 4],
[3, 1, 0, 6.2483668935760495, 0.5115876423741468, 1.2, -7, 0],
[4, 0, 1, 5.325602012334093, 0.6981671509234204, 1, -4, 0],
[5, 1, 1, 3.161452185227571, 0.7662724966265237, 1.2, -3, 4],
[6, 3, 0, 6.615716125704209, 0.6603084327425993, 1, 1, 0],
[7, 1, 0, 4.976694919634789, 0.8207494012342238, 1, -7, 0],
[8, 0, 0, 6.241615237151816, 0.896319503880158, 1, -12, 0],
[9, 0, 0, 5.616632343013568, 0.5017608887923966, 1, -11, 0],
[10, 1, 0, 4.197701243521374, 0.8247976229196341, 1, -3, 1],

Current Tappers Status:
[1, 1, 1, 0, 5.682819720012516, 0.6800998611237453, -3],
[2, 6, 0, 1, 6.379224809006077, 0.6210610873218323, -4],
[3, -1, 0, 2, 4.142473669972382, 0.6963121280567747, -2],
[4, 4, 1, 0, 6.109131683835281, 0.7893312286197531, -6],
[5, 2, 1, 3, 4.4590380331080235, 0.9182212120406974, 16],
[6, 7, 0, 2, 3.9027226794574323, 0.5103861234461571, 10],
[7, 10, 0, 1, 6.395904793661159, 0.6701334920961759, -1],
[8, 8, 0, 0, 5.820327746752531, 0.6619472305015872, -9],
[9, 9, 0, 0, 4.820010651177505, 0.8301867026243839, -11],
[10, 3, 0, 1, 4.728228081250627, 0.7527010902530991, -4],
[11, 5, 1, 0, 4.764309103652718, 0.8950505488335931, -2],

--- Iteration 15 ---
Tapper 3 winked at Sitter 1.
[3, 1]
Tapper 1 is assigned to Sitter 1.
Sitter Value: 3.6446569152059807, Tapper Value: 3.8648849023717933, Total: 7.509541817577774, Random: 1.4264129201411282
[3.6446569152059807,3.8648849023717933,7.509541817577774,1.4264129201411282]
Sitter 1 escaped successfully!

Current Sitters Status:
[1, 1, 1, 6.510414611693258, 0.559819478879251, 1, -3, 4],
[2, 3, 1, 5.765102502393544, 0.9171188113014569, 1, 6, 3],
[3, 1, 0, 6.2483668935760495, 0.5115876423741468, 1.2, -8, 0],
[4, 0, 1, 5.325602012334093, 0.6981671509234204, 1, -5, 0],
[5, 1, 1, 3.161452185227571, 0.7662724966265237, 1.2, -3, 3],
[6, 3, 0, 6.615716125704209, 0.6603084327425993, 1, 0, 0],
[7, 1, 0, 4.976694919634789, 0.8207494012342238, 1, -8, 0],
[8, 0, 0, 6.241615237151816, 0.896319503880158, 1, -13, 0],
[9, 0, 0, 5.616632343013568, 0.5017608887923966, 1, -12, 0],
[10, 1, 0, 4.197701243521374, 0.8247976229196341, 1, -4, 0],

Current Tappers Status:
[1, -1, 1, 1, 5.682819720012516, 0.6800998611237453, -1],
[2, 6, 0, 1, 6.379224809006077, 0.6210610873218323, -5],
[3, 1, 0, 2, 4.142473669972382, 0.6963121280567747, 0],
[4, 4, 1, 0, 6.109131683835281, 0.7893312286197531, -7],
[5, 2, 1, 3, 4.4590380331080235, 0.9182212120406974, 16],
[6, 7, 0, 2, 3.9027226794574323, 0.5103861234461571, 9],
[7, 10, 0, 1, 6.395904793661159, 0.6701334920961759, -2],
[8, 8, 0, 0, 5.820327746752531, 0.6619472305015872, -10],
[9, 9, 0, 0, 4.820010651177505, 0.8301867026243839, -12],
[10, 3, 0, 1, 4.728228081250627, 0.7527010902530991, -5],
[11, 5, 1, 0, 4.764309103652718, 0.8950505488335931, -2],

--- Iteration 16 ---
Tapper 1 winked at Sitter 10.
[1, 10]
Tapper 7 is assigned to Sitter 10.
Sitter Value: 3.4622540073832213, Tapper Value: 4.2861100144908235, Total: 7.748364021874044, Random: 3.8924095875856297
[3.4622540073832213,4.2861100144908235,7.748364021874044,3.8924095875856297]
Sitter 10 was tapped.

Current Sitters Status:
[1, 1, 1, 6.510414611693258, 0.559819478879251, 1, -3, 3],
[2, 3, 1, 5.765102502393544, 0.9171188113014569, 1, 6, 2],
[3, 1, 0, 6.2483668935760495, 0.5115876423741468, 1.2, -9, 0],
[4, 0, 1, 5.325602012334093, 0.6981671509234204, 1, -6, 0],
[5, 1, 1, 3.161452185227571, 0.7662724966265237, 1.2, -3, 2],
[6, 3, 0, 6.615716125704209, 0.6603084327425993, 1, -1, 0],
[7, 1, 0, 4.976694919634789, 0.8207494012342238, 1, -9, 0],
[8, 0, 0, 6.241615237151816, 0.896319503880158, 1, -14, 0],
[9, 0, 0, 5.616632343013568, 0.5017608887923966, 1, -13, 0],
[10, 1, 1, 4.197701243521374, 0.8247976229196341, 1, -2, 5],

Current Tappers Status:
[1, -1, 1, 1, 5.682819720012516, 0.6800998611237453, 1],
[2, 6, 0, 1, 6.379224809006077, 0.6210610873218323, -6],
[3, 1, 0, 2, 4.142473669972382, 0.6963121280567747, 0],
[4, 4, 1, 0, 6.109131683835281, 0.7893312286197531, -8],
[5, 2, 1, 3, 4.4590380331080235, 0.9182212120406974, 16],
[6, 7, 0, 2, 3.9027226794574323, 0.5103861234461571, 8],
[7, 10, 1, 1, 6.395904793661159, 0.6701334920961759, 0],
[8, 8, 0, 0, 5.820327746752531, 0.6619472305015872, -11],
[9, 9, 0, 0, 4.820010651177505, 0.8301867026243839, -13],
[10, 3, 0, 1, 4.728228081250627, 0.7527010902530991, -6],
[11, 5, 1, 0, 4.764309103652718, 0.8950505488335931, -2],

--- Iteration 17 ---
Tapper 1 winked at Sitter 3.
[1, 3]
Tapper 10 is assigned to Sitter 3.
Sitter Value: 3.1965872877732426, Tapper Value: 3.5589424317226657, Total: 6.755529719495908, Random: 4.786751734904073
[3.1965872877732426,3.5589424317226657,6.755529719495908,4.786751734904073]
Sitter 3 was tapped.

Current Sitters Status:
[1, 1, 1, 6.510414611693258, 0.559819478879251, 1, -3, 2],
[2, 3, 1, 5.765102502393544, 0.9171188113014569, 1, 6, 1],
[3, 1, 1, 6.2483668935760495, 0.5115876423741468, 1.2, -7, 3],
[4, 0, 1, 5.325602012334093, 0.6981671509234204, 1, -7, 0],
[5, 1, 1, 3.161452185227571, 0.7662724966265237, 1.2, -3, 1],
[6, 3, 0, 6.615716125704209, 0.6603084327425993, 1, -2, 0],
[7, 1, 0, 4.976694919634789, 0.8207494012342238, 1, -10, 0],
[8, 0, 0, 6.241615237151816, 0.896319503880158, 1, -15, 0],
[9, 0, 0, 5.616632343013568, 0.5017608887923966, 1, -14, 0],
[10, 1, 1, 4.197701243521374, 0.8247976229196341, 1, -2, 4],

Current Tappers Status:
[1, -1, 1, 1, 5.682819720012516, 0.6800998611237453, 3],
[2, 6, 0, 1, 6.379224809006077, 0.6210610873218323, -7],
[3, 1, 0, 2, 4.142473669972382, 0.6963121280567747, 0],
[4, 4, 1, 0, 6.109131683835281, 0.7893312286197531, -9],
[5, 2, 1, 3, 4.4590380331080235, 0.9182212120406974, 16],
[6, 7, 0, 2, 3.9027226794574323, 0.5103861234461571, 7],
[7, 10, 1, 1, 6.395904793661159, 0.6701334920961759, 0],
[8, 8, 0, 0, 5.820327746752531, 0.6619472305015872, -12],
[9, 9, 0, 0, 4.820010651177505, 0.8301867026243839, -14],
[10, 3, 1, 1, 4.728228081250627, 0.7527010902530991, -4],
[11, 5, 1, 0, 4.764309103652718, 0.8950505488335931, -2],

--- Iteration 18 ---
Tapper 1 winked at Sitter 6.
[1, 6]
Tapper 2 is assigned to Sitter 6.
Sitter Value: 4.368413146433687, Tapper Value: 3.9618882961517223, Total: 8.330301442585409, Random: 2.934166249762612
[4.368413146433687,3.9618882961517223,8.330301442585409,2.934166249762612]
Sitter 6 escaped successfully!

Current Sitters Status:
[1, 1, 1, 6.510414611693258, 0.559819478879251, 1, -3, 1],
[2, 3, 1, 5.765102502393544, 0.9171188113014569, 1, 5, 0],
[3, 1, 1, 6.2483668935760495, 0.5115876423741468, 1.2, -7, 2],
[4, 0, 1, 5.325602012334093, 0.6981671509234204, 1, -8, 0],
[5, 1, 1, 3.161452185227571, 0.7662724966265237, 1.2, -4, 0],
[6, 4, 0, 6.615716125704209, 0.6603084327425993, 1, 0, 3],
[7, 1, 0, 4.976694919634789, 0.8207494012342238, 1, -11, 0],
[8, 0, 0, 6.241615237151816, 0.896319503880158, 1, -16, 0],
[9, 0, 0, 5.616632343013568, 0.5017608887923966, 1, -15, 0],
[10, 1, 1, 4.197701243521374, 0.8247976229196341, 1, -2, 3],

Current Tappers Status:
[1, 6, 1, 1, 5.682819720012516, 0.6800998611237453, 5],
[2, -1, 0, 2, 6.379224809006077, 0.6210610873218323, -5],
[3, 1, 0, 2, 4.142473669972382, 0.6963121280567747, -1],
[4, 4, 1, 0, 6.109131683835281, 0.7893312286197531, -10],
[5, 2, 1, 3, 4.4590380331080235, 0.9182212120406974, 16],
[6, 7, 0, 2, 3.9027226794574323, 0.5103861234461571, 6],
[7, 10, 1, 1, 6.395904793661159, 0.6701334920961759, 0],
[8, 8, 0, 0, 5.820327746752531, 0.6619472305015872, -13],
[9, 9, 0, 0, 4.820010651177505, 0.8301867026243839, -15],
[10, 3, 1, 1, 4.728228081250627, 0.7527010902530991, -4],
[11, 5, 1, 0, 4.764309103652718, 0.8950505488335931, -2],

--- Iteration 19 ---
Tapper 2 winked at Sitter 8.
[2, 8]
Tapper 8 is assigned to Sitter 8.
Sitter Value: 5.59448147277475, Tapper Value: 3.852749832574381, Total: 9.447231305349131, Random: 1.29709541757658
[5.59448147277475,3.852749832574381,9.447231305349131,1.29709541757658]
Sitter 8 escaped successfully!

Current Sitters Status:
[1, 1, 1, 6.510414611693258, 0.559819478879251, 1, -4, 0],
[2, 3, 1, 5.765102502393544, 0.9171188113014569, 1, 4, 0],
[3, 1, 1, 6.2483668935760495, 0.5115876423741468, 1.2, -7, 1],
[4, 0, 1, 5.325602012334093, 0.6981671509234204, 1, -9, 0],
[5, 1, 1, 3.161452185227571, 0.7662724966265237, 1.2, -5, 0],
[6, 4, 0, 6.615716125704209, 0.6603084327425993, 1, 0, 2],
[7, 1, 0, 4.976694919634789, 0.8207494012342238, 1, -12, 0],
[8, 1, 0, 6.241615237151816, 0.896319503880158, 1, -14, 3],
[9, 0, 0, 5.616632343013568, 0.5017608887923966, 1, -16, 0],
[10, 1, 1, 4.197701243521374, 0.8247976229196341, 1, -2, 2],

Current Tappers Status:
[1, 6, 1, 1, 5.682819720012516, 0.6800998611237453, 5],
[2, 8, 0, 2, 6.379224809006077, 0.6210610873218323, -3],
[3, 1, 0, 2, 4.142473669972382, 0.6963121280567747, -2],
[4, 4, 1, 0, 6.109131683835281, 0.7893312286197531, -11],
[5, 2, 1, 3, 4.4590380331080235, 0.9182212120406974, 15],
[6, 7, 0, 2, 3.9027226794574323, 0.5103861234461571, 5],
[7, 10, 1, 1, 6.395904793661159, 0.6701334920961759, -1],
[8, -1, 0, 1, 5.820327746752531, 0.6619472305015872, -11],
[9, 9, 0, 0, 4.820010651177505, 0.8301867026243839, -16],
[10, 3, 1, 1, 4.728228081250627, 0.7527010902530991, -4],
[11, 5, 1, 0, 4.764309103652718, 0.8950505488335931, -3],

--- Iteration 20 ---
Tapper 8 winked at Sitter 4.
[8, 4]
Tapper 4 is assigned to Sitter 4.
Sitter Value: 3.718160383903328, Tapper Value: 4.822128417801564, Total: 8.540288801704893, Random: 5.237414086136294
[3.718160383903328,4.822128417801564,8.540288801704893,5.237414086136294]
Sitter 4 was tapped.

Current Sitters Status:
[1, 1, 1, 6.510414611693258, 0.559819478879251, 1, -5, 0],
[2, 3, 1, 5.765102502393544, 0.9171188113014569, 1, 3, 0],
[3, 1, 1, 6.2483668935760495, 0.5115876423741468, 1.2, -8, 0],
[4, 0, 2, 5.325602012334093, 0.6981671509234204, 1, -7, 6],
[5, 1, 1, 3.161452185227571, 0.7662724966265237, 1.2, -6, 0],
[6, 4, 0, 6.615716125704209, 0.6603084327425993, 1, 0, 1],
[7, 1, 0, 4.976694919634789, 0.8207494012342238, 1, -13, 0],
[8, 1, 0, 6.241615237151816, 0.896319503880158, 1, -14, 2],
[9, 0, 0, 5.616632343013568, 0.5017608887923966, 1, -17, 0],
[10, 1, 1, 4.197701243521374, 0.8247976229196341, 1, -2, 1],

Current Tappers Status:
[1, 6, 1, 1, 5.682819720012516, 0.6800998611237453, 5],
[2, 8, 0, 2, 6.379224809006077, 0.6210610873218323, -3],
[3, 1, 0, 2, 4.142473669972382, 0.6963121280567747, -3],
[4, 4, 2, 0, 6.109131683835281, 0.7893312286197531, -9],
[5, 2, 1, 3, 4.4590380331080235, 0.9182212120406974, 14],
[6, 7, 0, 2, 3.9027226794574323, 0.5103861234461571, 4],
[7, 10, 1, 1, 6.395904793661159, 0.6701334920961759, -2],
[8, -1, 0, 1, 5.820327746752531, 0.6619472305015872, -9],
[9, 9, 0, 0, 4.820010651177505, 0.8301867026243839, -17],
[10, 3, 1, 1, 4.728228081250627, 0.7527010902530991, -5],
[11, 5, 1, 0, 4.764309103652718, 0.8950505488335931, -4],
