Sitter ID: 9 is now hated with winkability 0.8
Sitter ID: 6 is now hated with winkability 0.8

--- Iteration 1 ---
Tapper 11 winked at Sitter 5.
[11, 5]
Tapper 5 is assigned to Sitter 5.
Sitter Value: 2.9588627681671476, Tapper Value: 3.4748816197082935, Total: 6.433744387875441, Random: 2.016990486943266
[2.9588627681671476,3.4748816197082935,6.433744387875441,2.016990486943266]
Sitter 5 escaped successfully!

Current Sitters Status:
[1, 0, 0, 5.738663264207533, 0.6270435724340266, 1, 0, 5],
[2, 0, 0, 6.847845168594732, 0.8330619514362437, 1, 0, 3],
[3, 0, 0, 6.927587335079815, 0.8830141987340069, 1, 0, 5],
[4, 0, 0, 4.873655800397807, 0.7880827514272705, 1, 0, 2],
[5, 1, 0, 4.01964386029181, 0.7361007270809177, 1, 2, 3],
[6, 0, 0, 6.085783032042451, 0.7204177008824878, 0.8, 0, 5],
[7, 0, 0, 4.636806703315777, 0.6998274723400066, 1, 0, 2],
[8, 0, 0, 4.696097050415594, 0.6853385554089577, 1, 0, 2],
[9, 0, 0, 5.2311435768795675, 0.9094105592509741, 0.8, 0, 5],
[10, 0, 0, 4.841333522616218, 0.8391659975646351, 1, 0, 2],

Current Tappers Status:
[1, 1, 0, 0, 6.0304956886568775, 0.6415765805431486, 0],
[2, 2, 0, 0, 4.852792615081391, 0.6298752840214432, 0],
[3, 3, 0, 0, 4.471735617593772, 0.7505112595106652, 0],
[4, 4, 0, 0, 5.232660698584216, 0.5082274473443402, 0],
[5, -1, 0, 1, 3.554919442285539, 0.9774853343720815, 2],
[6, 6, 0, 0, 6.457863281682876, 0.8115055092321022, 0],
[7, 7, 0, 0, 6.4601179889660045, 0.625992565245052, 0],
[8, 8, 0, 0, 4.465138622422711, 0.5008005586417317, 0],
[9, 9, 0, 0, 4.6722892040330475, 0.6650136323471102, 0],
[10, 10, 0, 0, 5.009968233765281, 0.9997908244822832, 0],
[11, 5, 0, 0, 5.356731199189189, 0.7107542469160761, 2],

--- Iteration 2 ---
Tapper 5 winked at Sitter 9.
[5, 9]
Tapper 9 is assigned to Sitter 9.
Sitter Value: 4.757257205772189, Tapper Value: 3.107136014950205, Total: 7.864393220722394, Random: 0.9807418547592528
[4.757257205772189,3.107136014950205,7.864393220722394,0.9807418547592528]
Sitter 9 escaped successfully!

Current Sitters Status:
[1, 0, 0, 5.738663264207533, 0.6270435724340266, 1, 0, 4],
[2, 0, 0, 6.847845168594732, 0.8330619514362437, 1, 0, 2],
[3, 0, 0, 6.927587335079815, 0.8830141987340069, 1, 0, 4],
[4, 0, 0, 4.873655800397807, 0.7880827514272705, 1, 0, 1],
[5, 1, 0, 4.01964386029181, 0.7361007270809177, 1, 2, 2],
[6, 0, 0, 6.085783032042451, 0.7204177008824878, 0.8, 0, 4],
[7, 0, 0, 4.636806703315777, 0.6998274723400066, 1, 0, 1],
[8, 0, 0, 4.696097050415594, 0.6853385554089577, 1, 0, 1],
[9, 1, 0, 5.2311435768795675, 0.9094105592509741, 0.8, 2, 6],
[10, 0, 0, 4.841333522616218, 0.8391659975646351, 1, 0, 1],

Current Tappers Status:
[1, 1, 0, 0, 6.0304956886568775, 0.6415765805431486, 0],
[2, 2, 0, 0, 4.852792615081391, 0.6298752840214432, 0],
[3, 3, 0, 0, 4.471735617593772, 0.7505112595106652, 0],
[4, 4, 0, 0, 5.232660698584216, 0.5082274473443402, 0],
[5, 9, 0, 1, 3.554919442285539, 0.9774853343720815, 4],
[6, 6, 0, 0, 6.457863281682876, 0.8115055092321022, 0],
[7, 7, 0, 0, 6.4601179889660045, 0.625992565245052, 0],
[8, 8, 0, 0, 4.465138622422711, 0.5008005586417317, 0],
[9, -1, 0, 1, 4.6722892040330475, 0.6650136323471102, 2],
[10, 10, 0, 0, 5.009968233765281, 0.9997908244822832, 0],
[11, 5, 0, 0, 5.356731199189189, 0.7107542469160761, 2],

--- Iteration 3 ---
Tapper 9 winked at Sitter 6.
[9, 6]
Tapper 6 is assigned to Sitter 6.
Sitter Value: 4.384305820013678, Tapper Value: 5.2405916309533565, Total: 9.624897450967033, Random: 6.697481344833483
[4.384305820013678,5.2405916309533565,9.624897450967033,6.697481344833483]
Sitter 6 was tapped.

Current Sitters Status:
[1, 0, 0, 5.738663264207533, 0.6270435724340266, 1, 0, 3],
[2, 0, 0, 6.847845168594732, 0.8330619514362437, 1, 0, 1],
[3, 0, 0, 6.927587335079815, 0.8830141987340069, 1, 0, 3],
[4, 0, 0, 4.873655800397807, 0.7880827514272705, 1, -1, 0],
[5, 1, 0, 4.01964386029181, 0.7361007270809177, 1, 2, 1],
[6, 0, 1, 6.085783032042451, 0.7204177008824878, 0.8, 2, 6],
[7, 0, 0, 4.636806703315777, 0.6998274723400066, 1, -1, 0],
[8, 0, 0, 4.696097050415594, 0.6853385554089577, 1, -1, 0],
[9, 1, 0, 5.2311435768795675, 0.9094105592509741, 0.8, 2, 5],
[10, 0, 0, 4.841333522616218, 0.8391659975646351, 1, -1, 0],

Current Tappers Status:
[1, 1, 0, 0, 6.0304956886568775, 0.6415765805431486, 0],
[2, 2, 0, 0, 4.852792615081391, 0.6298752840214432, -1],
[3, 3, 0, 0, 4.471735617593772, 0.7505112595106652, -1],
[4, 4, 0, 0, 5.232660698584216, 0.5082274473443402, -1],
[5, 9, 0, 1, 3.554919442285539, 0.9774853343720815, 4],
[6, 6, 1, 0, 6.457863281682876, 0.8115055092321022, 2],
[7, 7, 0, 0, 6.4601179889660045, 0.625992565245052, 0],
[8, 8, 0, 0, 4.465138622422711, 0.5008005586417317, 0],
[9, -1, 0, 1, 4.6722892040330475, 0.6650136323471102, 4],
[10, 10, 0, 0, 5.009968233765281, 0.9997908244822832, -1],
[11, 5, 0, 0, 5.356731199189189, 0.7107542469160761, 2],

--- Iteration 4 ---
Tapper 9 winked at Sitter 9.
[9, 9]
Tapper 5 is assigned to Sitter 9.
Sitter Value: 4.757257205772189, Tapper Value: 3.4748816197082935, Total: 8.232138825480483, Random: 3.9917978037008743
[4.757257205772189,3.4748816197082935,8.232138825480483,3.9917978037008743]
Sitter 9 escaped successfully!

Current Sitters Status:
[1, 0, 0, 5.738663264207533, 0.6270435724340266, 1, 0, 2],
[2, 0, 0, 6.847845168594732, 0.8330619514362437, 1, -1, 0],
[3, 0, 0, 6.927587335079815, 0.8830141987340069, 1, 0, 2],
[4, 0, 0, 4.873655800397807, 0.7880827514272705, 1, -2, 0],
[5, 1, 0, 4.01964386029181, 0.7361007270809177, 1, 1, 0],
[6, 0, 1, 6.085783032042451, 0.7204177008824878, 0.8, 2, 5],
[7, 0, 0, 4.636806703315777, 0.6998274723400066, 1, -2, 0],
[8, 0, 0, 4.696097050415594, 0.6853385554089577, 1, -2, 0],
[9, 2, 0, 5.2311435768795675, 0.9094105592509741, 0.8, 4, 6],
[10, 0, 0, 4.841333522616218, 0.8391659975646351, 1, -2, 0],

Current Tappers Status:
[1, 1, 0, 0, 6.0304956886568775, 0.6415765805431486, -1],
[2, 2, 0, 0, 4.852792615081391, 0.6298752840214432, -2],
[3, 3, 0, 0, 4.471735617593772, 0.7505112595106652, -2],
[4, 4, 0, 0, 5.232660698584216, 0.5082274473443402, -2],
[5, -1, 0, 2, 3.554919442285539, 0.9774853343720815, 6],
[6, 6, 1, 0, 6.457863281682876, 0.8115055092321022, 2],
[7, 7, 0, 0, 6.4601179889660045, 0.625992565245052, 0],
[8, 8, 0, 0, 4.465138622422711, 0.5008005586417317, 0],
[9, 9, 0, 1, 4.6722892040330475, 0.6650136323471102, 6],
[10, 10, 0, 0, 5.009968233765281, 0.9997908244822832, -2],
[11, 5, 0, 0, 5.356731199189189, 0.7107542469160761, 1],

--- Iteration 5 ---
Tapper 5 winked at Sitter 10.
[5, 10]
Tapper 10 is assigned to Sitter 10.
Sitter Value: 4.062682475049348, Tapper Value: 5.008920271066238, Total: 9.071602746115586, Random: 8.134275759924064
[4.062682475049348,5.008920271066238,9.071602746115586,8.134275759924064]
Sitter 10 was tapped.

Current Sitters Status:
[1, 0, 0, 5.738663264207533, 0.6270435724340266, 1, 0, 1],
[2, 0, 0, 6.847845168594732, 0.8330619514362437, 1, -2, 0],
[3, 0, 0, 6.927587335079815, 0.8830141987340069, 1, 0, 1],
[4, 0, 0, 4.873655800397807, 0.7880827514272705, 1, -3, 0],
[5, 1, 0, 4.01964386029181, 0.7361007270809177, 1, 0, 0],
[6, 0, 1, 6.085783032042451, 0.7204177008824878, 0.8, 2, 4],
[7, 0, 0, 4.636806703315777, 0.6998274723400066, 1, -3, 0],
[8, 0, 0, 4.696097050415594, 0.6853385554089577, 1, -3, 0],
[9, 2, 0, 5.2311435768795675, 0.9094105592509741, 0.8, 4, 5],
[10, 0, 1, 4.841333522616218, 0.8391659975646351, 1, 0, 3],

Current Tappers Status:
[1, 1, 0, 0, 6.0304956886568775, 0.6415765805431486, -2],
[2, 2, 0, 0, 4.852792615081391, 0.6298752840214432, -3],
[3, 3, 0, 0, 4.471735617593772, 0.7505112595106652, -3],
[4, 4, 0, 0, 5.232660698584216, 0.5082274473443402, -3],
[5, -1, 0, 2, 3.554919442285539, 0.9774853343720815, 8],
[6, 6, 1, 0, 6.457863281682876, 0.8115055092321022, 2],
[7, 7, 0, 0, 6.4601179889660045, 0.625992565245052, -1],
[8, 8, 0, 0, 4.465138622422711, 0.5008005586417317, -1],
[9, 9, 0, 1, 4.6722892040330475, 0.6650136323471102, 6],
[10, 10, 1, 0, 5.009968233765281, 0.9997908244822832, 0],
[11, 5, 0, 0, 5.356731199189189, 0.7107542469160761, 0],

--- Iteration 6 ---
Tapper 5 winked at Sitter 2.
[5, 2]
Tapper 2 is assigned to Sitter 2.
Sitter Value: 5.7046792592827815, Tapper Value: 3.0566541267215532, Total: 8.761333386004335, Random: 0.47938778904053225
[5.7046792592827815,3.0566541267215532,8.761333386004335,0.47938778904053225]
Sitter 2 escaped successfully!

Current Sitters Status:
[1, 0, 0, 5.738663264207533, 0.6270435724340266, 1, -1, 0],
[2, 1, 0, 6.847845168594732, 0.8330619514362437, 1, 0, 4],
[3, 0, 0, 6.927587335079815, 0.8830141987340069, 1, -1, 0],
[4, 0, 0, 4.873655800397807, 0.7880827514272705, 1, -4, 0],
[5, 1, 0, 4.01964386029181, 0.7361007270809177, 1, -1, 0],
[6, 0, 1, 6.085783032042451, 0.7204177008824878, 0.8, 2, 3],
[7, 0, 0, 4.636806703315777, 0.6998274723400066, 1, -4, 0],
[8, 0, 0, 4.696097050415594, 0.6853385554089577, 1, -4, 0],
[9, 2, 0, 5.2311435768795675, 0.9094105592509741, 0.8, 4, 4],
[10, 0, 1, 4.841333522616218, 0.8391659975646351, 1, 0, 2],

Current Tappers Status:
[1, 1, 0, 0, 6.0304956886568775, 0.6415765805431486, -3],
[2, -1, 0, 1, 4.852792615081391, 0.6298752840214432, -1],
[3, 3, 0, 0, 4.471735617593772, 0.7505112595106652, -4],
[4, 4, 0, 0, 5.232660698584216, 0.5082274473443402, -4],
[5, 2, 0, 2, 3.554919442285539, 0.9774853343720815, 10],
[6, 6, 1, 0, 6.457863281682876, 0.8115055092321022, 2],
[7, 7, 0, 0, 6.4601179889660045, 0.625992565245052, -2],
[8, 8, 0, 0, 4.465138622422711, 0.5008005586417317, -2],
[9, 9, 0, 1, 4.6722892040330475, 0.6650136323471102, 6],
[10, 10, 1, 0, 5.009968233765281, 0.9997908244822832, 0],
[11, 5, 0, 0, 5.356731199189189, 0.7107542469160761, -1],

--- Iteration 7 ---
Tapper 2 winked at Sitter 1.
[2, 1]
Tapper 1 is assigned to Sitter 1.
Sitter Value: 3.598391914184604, Tapper Value: 3.8690248029086796, Total: 7.4674167170932835, Random: 0.04677425006519552
[3.598391914184604,3.8690248029086796,7.4674167170932835,0.04677425006519552]
Sitter 1 escaped successfully!

Current Sitters Status:
[1, 1, 0, 5.738663264207533, 0.6270435724340266, 1, 1, 6],
[2, 1, 0, 6.847845168594732, 0.8330619514362437, 1, 0, 3],
[3, 0, 0, 6.927587335079815, 0.8830141987340069, 1, -2, 0],
[4, 0, 0, 4.873655800397807, 0.7880827514272705, 1, -5, 0],
[5, 1, 0, 4.01964386029181, 0.7361007270809177, 1, -2, 0],
[6, 0, 1, 6.085783032042451, 0.7204177008824878, 0.8, 2, 2],
[7, 0, 0, 4.636806703315777, 0.6998274723400066, 1, -5, 0],
[8, 0, 0, 4.696097050415594, 0.6853385554089577, 1, -5, 0],
[9, 2, 0, 5.2311435768795675, 0.9094105592509741, 0.8, 4, 3],
[10, 0, 1, 4.841333522616218, 0.8391659975646351, 1, 0, 1],

Current Tappers Status:
[1, -1, 0, 1, 6.0304956886568775, 0.6415765805431486, -1],
[2, 1, 0, 1, 4.852792615081391, 0.6298752840214432, 1],
[3, 3, 0, 0, 4.471735617593772, 0.7505112595106652, -5],
[4, 4, 0, 0, 5.232660698584216, 0.5082274473443402, -5],
[5, 2, 0, 2, 3.554919442285539, 0.9774853343720815, 10],
[6, 6, 1, 0, 6.457863281682876, 0.8115055092321022, 1],
[7, 7, 0, 0, 6.4601179889660045, 0.625992565245052, -3],
[8, 8, 0, 0, 4.465138622422711, 0.5008005586417317, -3],
[9, 9, 0, 1, 4.6722892040330475, 0.6650136323471102, 5],
[10, 10, 1, 0, 5.009968233765281, 0.9997908244822832, 0],
[11, 5, 0, 0, 5.356731199189189, 0.7107542469160761, -2],

--- Iteration 8 ---
Tapper 1 winked at Sitter 9.
[1, 9]
Tapper 9 is assigned to Sitter 9.
Sitter Value: 4.757257205772189, Tapper Value: 3.107136014950205, Total: 7.864393220722394, Random: 2.5469588198272306
[4.757257205772189,3.107136014950205,7.864393220722394,2.5469588198272306]
Sitter 9 escaped successfully!

Current Sitters Status:
[1, 1, 0, 5.738663264207533, 0.6270435724340266, 1, 1, 5],
[2, 1, 0, 6.847845168594732, 0.8330619514362437, 1, 0, 2],
[3, 0, 0, 6.927587335079815, 0.8830141987340069, 1, -3, 0],
[4, 0, 0, 4.873655800397807, 0.7880827514272705, 1, -6, 0],
[5, 1, 0, 4.01964386029181, 0.7361007270809177, 1, -3, 0],
[6, 0, 1, 6.085783032042451, 0.7204177008824878, 0.8, 2, 1],
[7, 0, 0, 4.636806703315777, 0.6998274723400066, 1, -6, 0],
[8, 0, 0, 4.696097050415594, 0.6853385554089577, 1, -6, 0],
[9, 3, 0, 5.2311435768795675, 0.9094105592509741, 0.8, 6, 6],
[10, 0, 1, 4.841333522616218, 0.8391659975646351, 1, -1, 0],

Current Tappers Status:
[1, 9, 0, 1, 6.0304956886568775, 0.6415765805431486, 1],
[2, 1, 0, 1, 4.852792615081391, 0.6298752840214432, 1],
[3, 3, 0, 0, 4.471735617593772, 0.7505112595106652, -6],
[4, 4, 0, 0, 5.232660698584216, 0.5082274473443402, -6],
[5, 2, 0, 2, 3.554919442285539, 0.9774853343720815, 10],
[6, 6, 1, 0, 6.457863281682876, 0.8115055092321022, 0],
[7, 7, 0, 0, 6.4601179889660045, 0.625992565245052, -4],
[8, 8, 0, 0, 4.465138622422711, 0.5008005586417317, -4],
[9, -1, 0, 2, 4.6722892040330475, 0.6650136323471102, 7],
[10, 10, 1, 0, 5.009968233765281, 0.9997908244822832, -1],
[11, 5, 0, 0, 5.356731199189189, 0.7107542469160761, -3],

--- Iteration 9 ---
Tapper 9 winked at Sitter 1.
[9, 1]
Tapper 2 is assigned to Sitter 1.
Sitter Value: 3.598391914184604, Tapper Value: 3.0566541267215532, Total: 6.655046040906157, Random: 4.936041552996564
[3.598391914184604,3.0566541267215532,6.655046040906157,4.936041552996564]
Sitter 1 was tapped.

Current Sitters Status:
[1, 1, 1, 5.738663264207533, 0.6270435724340266, 1, 3, 6],
[2, 1, 0, 6.847845168594732, 0.8330619514362437, 1, 0, 1],
[3, 0, 0, 6.927587335079815, 0.8830141987340069, 1, -4, 0],
[4, 0, 0, 4.873655800397807, 0.7880827514272705, 1, -7, 0],
[5, 1, 0, 4.01964386029181, 0.7361007270809177, 1, -4, 0],
[6, 0, 1, 6.085783032042451, 0.7204177008824878, 0.8, 1, 0],
[7, 0, 0, 4.636806703315777, 0.6998274723400066, 1, -7, 0],
[8, 0, 0, 4.696097050415594, 0.6853385554089577, 1, -7, 0],
[9, 3, 0, 5.2311435768795675, 0.9094105592509741, 0.8, 6, 5],
[10, 0, 1, 4.841333522616218, 0.8391659975646351, 1, -2, 0],

Current Tappers Status:
[1, 9, 0, 1, 6.0304956886568775, 0.6415765805431486, 1],
[2, 1, 1, 1, 4.852792615081391, 0.6298752840214432, 3],
[3, 3, 0, 0, 4.471735617593772, 0.7505112595106652, -7],
[4, 4, 0, 0, 5.232660698584216, 0.5082274473443402, -7],
[5, 2, 0, 2, 3.554919442285539, 0.9774853343720815, 10],
[6, 6, 1, 0, 6.457863281682876, 0.8115055092321022, -1],
[7, 7, 0, 0, 6.4601179889660045, 0.625992565245052, -5],
[8, 8, 0, 0, 4.465138622422711, 0.5008005586417317, -5],
[9, -1, 0, 2, 4.6722892040330475, 0.6650136323471102, 9],
[10, 10, 1, 0, 5.009968233765281, 0.9997908244822832, -2],
[11, 5, 0, 0, 5.356731199189189, 0.7107542469160761, -4],

--- Iteration 10 ---
Tapper 9 winked at Sitter 3.
[9, 3]
Tapper 3 is assigned to Sitter 3.
Sitter Value: 6.1171579798453575, Tapper Value: 3.3560879305590046, Total: 9.473245910404362, Random: 3.4991727588646446
[6.1171579798453575,3.3560879305590046,9.473245910404362,3.4991727588646446]
Sitter 3 escaped successfully!

Current Sitters Status:
[1, 1, 1, 5.738663264207533, 0.6270435724340266, 1, 3, 5],
[2, 1, 0, 6.847845168594732, 0.8330619514362437, 1, -1, 0],
[3, 1, 0, 6.927587335079815, 0.8830141987340069, 1, -2, 6],
[4, 0, 0, 4.873655800397807, 0.7880827514272705, 1, -8, 0],
[5, 1, 0, 4.01964386029181, 0.7361007270809177, 1, -5, 0],
[6, 0, 1, 6.085783032042451, 0.7204177008824878, 0.8, 0, 0],
[7, 0, 0, 4.636806703315777, 0.6998274723400066, 1, -8, 0],
[8, 0, 0, 4.696097050415594, 0.6853385554089577, 1, -8, 0],
[9, 3, 0, 5.2311435768795675, 0.9094105592509741, 0.8, 6, 4],
[10, 0, 1, 4.841333522616218, 0.8391659975646351, 1, -3, 0],

Current Tappers Status:
[1, 9, 0, 1, 6.0304956886568775, 0.6415765805431486, 1],
[2, 1, 1, 1, 4.852792615081391, 0.6298752840214432, 3],
[3, -1, 0, 1, 4.471735617593772, 0.7505112595106652, -5],
[4, 4, 0, 0, 5.232660698584216, 0.5082274473443402, -8],
[5, 2, 0, 2, 3.554919442285539, 0.9774853343720815, 10],
[6, 6, 1, 0, 6.457863281682876, 0.8115055092321022, -2],
[7, 7, 0, 0, 6.4601179889660045, 0.625992565245052, -6],
[8, 8, 0, 0, 4.465138622422711, 0.5008005586417317, -6],
[9, 3, 0, 2, 4.6722892040330475, 0.6650136323471102, 11],
[10, 10, 1, 0, 5.009968233765281, 0.9997908244822832, -3],
[11, 5, 0, 0, 5.356731199189189, 0.7107542469160761, -5],

--- Iteration 11 ---
Tapper 3 winked at Sitter 7.
[3, 7]
Tapper 7 is assigned to Sitter 7.
Sitter Value: 3.2449647149106795, Tapper Value: 4.043985831698536, Total: 7.2889505466092155, Random: 0.609019931786398
[3.2449647149106795,4.043985831698536,7.2889505466092155,0.609019931786398]
Sitter 7 escaped successfully!

Current Sitters Status:
[1, 1, 1, 5.738663264207533, 0.6270435724340266, 1, 3, 4],
[2, 1, 0, 6.847845168594732, 0.8330619514362437, 1, -2, 0],
[3, 1, 0, 6.927587335079815, 0.8830141987340069, 1, -2, 5],
[4, 0, 0, 4.873655800397807, 0.7880827514272705, 1, -9, 0],
[5, 1, 0, 4.01964386029181, 0.7361007270809177, 1, -6, 0],
[6, 0, 1, 6.085783032042451, 0.7204177008824878, 0.8, -1, 0],
[7, 1, 0, 4.636806703315777, 0.6998274723400066, 1, -6, 3],
[8, 0, 0, 4.696097050415594, 0.6853385554089577, 1, -9, 0],
[9, 3, 0, 5.2311435768795675, 0.9094105592509741, 0.8, 6, 3],
[10, 0, 1, 4.841333522616218, 0.8391659975646351, 1, -4, 0],

Current Tappers Status:
[1, 9, 0, 1, 6.0304956886568775, 0.6415765805431486, 1],
[2, 1, 1, 1, 4.852792615081391, 0.6298752840214432, 3],
[3, 7, 0, 1, 4.471735617593772, 0.7505112595106652, -3],
[4, 4, 0, 0, 5.232660698584216, 0.5082274473443402, -9],
[5, 2, 0, 2, 3.554919442285539, 0.9774853343720815, 9],
[6, 6, 1, 0, 6.457863281682876, 0.8115055092321022, -3],
[7, -1, 0, 1, 6.4601179889660045, 0.625992565245052, -4],
[8, 8, 0, 0, 4.465138622422711, 0.5008005586417317, -7],
[9, 3, 0, 2, 4.6722892040330475, 0.6650136323471102, 11],
[10, 10, 1, 0, 5.009968233765281, 0.9997908244822832, -4],
[11, 5, 0, 0, 5.356731199189189, 0.7107542469160761, -6],

--- Iteration 12 ---
Tapper 7 winked at Sitter 1.
[7, 1]
Tapper 2 is assigned to Sitter 1.
Sitter Value: 3.598391914184604, Tapper Value: 3.0566541267215532, Total: 6.655046040906157, Random: 4.754798500823568
[3.598391914184604,3.0566541267215532,6.655046040906157,4.754798500823568]
Sitter 1 was tapped.

Current Sitters Status:
[1, 1, 2, 5.738663264207533, 0.6270435724340266, 1, 5, 6],
[2, 1, 0, 6.847845168594732, 0.8330619514362437, 1, -3, 0],
[3, 1, 0, 6.927587335079815, 0.8830141987340069, 1, -2, 4],
[4, 0, 0, 4.873655800397807, 0.7880827514272705, 1, -10, 0],
[5, 1, 0, 4.01964386029181, 0.7361007270809177, 1, -7, 0],
[6, 0, 1, 6.085783032042451, 0.7204177008824878, 0.8, -2, 0],
[7, 1, 0, 4.636806703315777, 0.6998274723400066, 1, -6, 2],
[8, 0, 0, 4.696097050415594, 0.6853385554089577, 1, -10, 0],
[9, 3, 0, 5.2311435768795675, 0.9094105592509741, 0.8, 6, 2],
[10, 0, 1, 4.841333522616218, 0.8391659975646351, 1, -5, 0],

Current Tappers Status:
[1, 9, 0, 1, 6.0304956886568775, 0.6415765805431486, 0],
[2, 1, 2, 1, 4.852792615081391, 0.6298752840214432, 5],
[3, 7, 0, 1, 4.471735617593772, 0.7505112595106652, -3],
[4, 4, 0, 0, 5.232660698584216, 0.5082274473443402, -10],
[5, 2, 0, 2, 3.554919442285539, 0.9774853343720815, 8],
[6, 6, 1, 0, 6.457863281682876, 0.8115055092321022, -4],
[7, -1, 0, 1, 6.4601179889660045, 0.625992565245052, -2],
[8, 8, 0, 0, 4.465138622422711, 0.5008005586417317, -8],
[9, 3, 0, 2, 4.6722892040330475, 0.6650136323471102, 11],
[10, 10, 1, 0, 5.009968233765281, 0.9997908244822832, -5],
[11, 5, 0, 0, 5.356731199189189, 0.7107542469160761, -7],

--- Iteration 13 ---
Tapper 7 winked at Sitter 1.
[7, 1]
Tapper 2 is assigned to Sitter 1.
Sitter Value: 3.598391914184604, Tapper Value: 3.0566541267215532, Total: 6.655046040906157, Random: 3.716337422317757
[3.598391914184604,3.0566541267215532,6.655046040906157,3.716337422317757]
Sitter 1 was tapped.

Current Sitters Status:
[1, 1, 3, 5.738663264207533, 0.6270435724340266, 1, 7, 6],
[2, 1, 0, 6.847845168594732, 0.8330619514362437, 1, -4, 0],
[3, 1, 0, 6.927587335079815, 0.8830141987340069, 1, -2, 3],
[4, 0, 0, 4.873655800397807, 0.7880827514272705, 1, -11, 0],
[5, 1, 0, 4.01964386029181, 0.7361007270809177, 1, -8, 0],
[6, 0, 1, 6.085783032042451, 0.7204177008824878, 0.8, -3, 0],
[7, 1, 0, 4.636806703315777, 0.6998274723400066, 1, -6, 1],
[8, 0, 0, 4.696097050415594, 0.6853385554089577, 1, -11, 0],
[9, 3, 0, 5.2311435768795675, 0.9094105592509741, 0.8, 6, 1],
[10, 0, 1, 4.841333522616218, 0.8391659975646351, 1, -6, 0],

Current Tappers Status:
[1, 9, 0, 1, 6.0304956886568775, 0.6415765805431486, -1],
[2, 1, 3, 1, 4.852792615081391, 0.6298752840214432, 7],
[3, 7, 0, 1, 4.471735617593772, 0.7505112595106652, -3],
[4, 4, 0, 0, 5.232660698584216, 0.5082274473443402, -11],
[5, 2, 0, 2, 3.554919442285539, 0.9774853343720815, 7],
[6, 6, 1, 0, 6.457863281682876, 0.8115055092321022, -5],
[7, -1, 0, 1, 6.4601179889660045, 0.625992565245052, 0],
[8, 8, 0, 0, 4.465138622422711, 0.5008005586417317, -9],
[9, 3, 0, 2, 4.6722892040330475, 0.6650136323471102, 10],
[10, 10, 1, 0, 5.009968233765281, 0.9997908244822832, -6],
[11, 5, 0, 0, 5.356731199189189, 0.7107542469160761, -8],

--- Iteration 14 ---
Tapper 7 winked at Sitter 10.
[7, 10]
Tapper 10 is assigned to Sitter 10.
Sitter Value: 4.062682475049348, Tapper Value: 5.008920271066238, Total: 9.071602746115586, Random: 2.1716949202500127
[4.062682475049348,5.008920271066238,9.071602746115586,2.1716949202500127]
Sitter 10 escaped successfully!

Current Sitters Status:
[1, 1, 3, 5.738663264207533, 0.6270435724340266, 1, 7, 5],
[2, 1, 0, 6.847845168594732, 0.8330619514362437, 1, -5, 0],
[3, 1, 0, 6.927587335079815, 0.8830141987340069, 1, -2, 2],
[4, 0, 0, 4.873655800397807, 0.7880827514272705, 1, -12, 0],
[5, 1, 0, 4.01964386029181, 0.7361007270809177, 1, -9, 0],
[6, 0, 1, 6.085783032042451, 0.7204177008824878, 0.8, -4, 0],
[7, 1, 0, 4.636806703315777, 0.6998274723400066, 1, -7, 0],
[8, 0, 0, 4.696097050415594, 0.6853385554089577, 1, -12, 0],
[9, 3, 0, 5.2311435768795675, 0.9094105592509741, 0.8, 5, 0],
[10, 1, 1, 4.841333522616218, 0.8391659975646351, 1, -4, 3],

Current Tappers Status:
[1, 9, 0, 1, 6.0304956886568775, 0.6415765805431486, -2],
[2, 1, 3, 1, 4.852792615081391, 0.6298752840214432, 7],
[3, 7, 0, 1, 4.471735617593772, 0.7505112595106652, -4],
[4, 4, 0, 0, 5.232660698584216, 0.5082274473443402, -12],
[5, 2, 0, 2, 3.554919442285539, 0.9774853343720815, 6],
[6, 6, 1, 0, 6.457863281682876, 0.8115055092321022, -6],
[7, 10, 0, 1, 6.4601179889660045, 0.625992565245052, 2],
[8, 8, 0, 0, 4.465138622422711, 0.5008005586417317, -10],
[9, 3, 0, 2, 4.6722892040330475, 0.6650136323471102, 9],
[10, -1, 1, 1, 5.009968233765281, 0.9997908244822832, -4],
[11, 5, 0, 0, 5.356731199189189, 0.7107542469160761, -9],

--- Iteration 15 ---
Tapper 10 winked at Sitter 7.
[10, 7]
Tapper 3 is assigned to Sitter 7.
Sitter Value: 3.2449647149106795, Tapper Value: 3.3560879305590046, Total: 6.601052645469684, Random: 2.4345393413843333
[3.2449647149106795,3.3560879305590046,6.601052645469684,2.4345393413843333]
Sitter 7 escaped successfully!

Current Sitters Status:
[1, 1, 3, 5.738663264207533, 0.6270435724340266, 1, 7, 4],
[2, 1, 0, 6.847845168594732, 0.8330619514362437, 1, -6, 0],
[3, 1, 0, 6.927587335079815, 0.8830141987340069, 1, -2, 1],
[4, 0, 0, 4.873655800397807, 0.7880827514272705, 1, -13, 0],
[5, 1, 0, 4.01964386029181, 0.7361007270809177, 1, -10, 0],
[6, 0, 1, 6.085783032042451, 0.7204177008824878, 0.8, -5, 0],
[7, 2, 0, 4.636806703315777, 0.6998274723400066, 1, -5, 3],
[8, 0, 0, 4.696097050415594, 0.6853385554089577, 1, -13, 0],
[9, 3, 0, 5.2311435768795675, 0.9094105592509741, 0.8, 4, 0],
[10, 1, 1, 4.841333522616218, 0.8391659975646351, 1, -4, 2],

Current Tappers Status:
[1, 9, 0, 1, 6.0304956886568775, 0.6415765805431486, -3],
[2, 1, 3, 1, 4.852792615081391, 0.6298752840214432, 7],
[3, -1, 0, 2, 4.471735617593772, 0.7505112595106652, -2],
[4, 4, 0, 0, 5.232660698584216, 0.5082274473443402, -13],
[5, 2, 0, 2, 3.554919442285539, 0.9774853343720815, 5],
[6, 6, 1, 0, 6.457863281682876, 0.8115055092321022, -7],
[7, 10, 0, 1, 6.4601179889660045, 0.625992565245052, 2],
[8, 8, 0, 0, 4.465138622422711, 0.5008005586417317, -11],
[9, 3, 0, 2, 4.6722892040330475, 0.6650136323471102, 8],
[10, 7, 1, 1, 5.009968233765281, 0.9997908244822832, -2],
[11, 5, 0, 0, 5.356731199189189, 0.7107542469160761, -10],

--- Iteration 16 ---
Tapper 3 winked at Sitter 9.
[3, 9]
Tapper 1 is assigned to Sitter 9.
Sitter Value: 4.757257205772189, Tapper Value: 3.8690248029086796, Total: 8.626282008680867, Random: 1.6653952284271203
[4.757257205772189,3.8690248029086796,8.626282008680867,1.6653952284271203]
Sitter 9 escaped successfully!

Current Sitters Status:
[1, 1, 3, 5.738663264207533, 0.6270435724340266, 1, 7, 3],
[2, 1, 0, 6.847845168594732, 0.8330619514362437, 1, -7, 0],
[3, 1, 0, 6.927587335079815, 0.8830141987340069, 1, -3, 0],
[4, 0, 0, 4.873655800397807, 0.7880827514272705, 1, -14, 0],
[5, 1, 0, 4.01964386029181, 0.7361007270809177, 1, -11, 0],
[6, 0, 1, 6.085783032042451, 0.7204177008824878, 0.8, -6, 0],
[7, 2, 0, 4.636806703315777, 0.6998274723400066, 1, -5, 2],
[8, 0, 0, 4.696097050415594, 0.6853385554089577, 1, -14, 0],
[9, 4, 0, 5.2311435768795675, 0.9094105592509741, 0.8, 6, 6],
[10, 1, 1, 4.841333522616218, 0.8391659975646351, 1, -4, 1],

Current Tappers Status:
[1, -1, 0, 2, 6.0304956886568775, 0.6415765805431486, -1],
[2, 1, 3, 1, 4.852792615081391, 0.6298752840214432, 6],
[3, 9, 0, 2, 4.471735617593772, 0.7505112595106652, 0],
[4, 4, 0, 0, 5.232660698584216, 0.5082274473443402, -14],
[5, 2, 0, 2, 3.554919442285539, 0.9774853343720815, 4],
[6, 6, 1, 0, 6.457863281682876, 0.8115055092321022, -8],
[7, 10, 0, 1, 6.4601179889660045, 0.625992565245052, 2],
[8, 8, 0, 0, 4.465138622422711, 0.5008005586417317, -12],
[9, 3, 0, 2, 4.6722892040330475, 0.6650136323471102, 7],
[10, 7, 1, 1, 5.009968233765281, 0.9997908244822832, -2],
[11, 5, 0, 0, 5.356731199189189, 0.7107542469160761, -11],

--- Iteration 17 ---
Tapper 1 winked at Sitter 8.
[1, 8]
Tapper 8 is assigned to Sitter 8.
Sitter Value: 3.2184163685920906, Tapper Value: 2.236143916522066, Total: 5.454560285114157, Random: 2.484755305641385
[3.2184163685920906,2.236143916522066,5.454560285114157,2.484755305641385]
Sitter 8 escaped successfully!

Current Sitters Status:
[1, 1, 3, 5.738663264207533, 0.6270435724340266, 1, 7, 2],
[2, 1, 0, 6.847845168594732, 0.8330619514362437, 1, -8, 0],
[3, 1, 0, 6.927587335079815, 0.8830141987340069, 1, -4, 0],
[4, 0, 0, 4.873655800397807, 0.7880827514272705, 1, -15, 0],
[5, 1, 0, 4.01964386029181, 0.7361007270809177, 1, -12, 0],
[6, 0, 1, 6.085783032042451, 0.7204177008824878, 0.8, -7, 0],
[7, 2, 0, 4.636806703315777, 0.6998274723400066, 1, -5, 1],
[8, 1, 0, 4.696097050415594, 0.6853385554089577, 1, -12, 3],
[9, 4, 0, 5.2311435768795675, 0.9094105592509741, 0.8, 6, 5],
[10, 1, 1, 4.841333522616218, 0.8391659975646351, 1, -5, 0],

Current Tappers Status:
[1, 8, 0, 2, 6.0304956886568775, 0.6415765805431486, 1],
[2, 1, 3, 1, 4.852792615081391, 0.6298752840214432, 5],
[3, 9, 0, 2, 4.471735617593772, 0.7505112595106652, 0],
[4, 4, 0, 0, 5.232660698584216, 0.5082274473443402, -15],
[5, 2, 0, 2, 3.554919442285539, 0.9774853343720815, 3],
[6, 6, 1, 0, 6.457863281682876, 0.8115055092321022, -9],
[7, 10, 0, 1, 6.4601179889660045, 0.625992565245052, 2],
[8, -1, 0, 1, 4.465138622422711, 0.5008005586417317, -10],
[9, 3, 0, 2, 4.6722892040330475, 0.6650136323471102, 6],
[10, 7, 1, 1, 5.009968233765281, 0.9997908244822832, -2],
[11, 5, 0, 0, 5.356731199189189, 0.7107542469160761, -12],

--- Iteration 18 ---
Tapper 8 winked at Sitter 9.
[8, 9]
Tapper 3 is assigned to Sitter 9.
Sitter Value: 4.757257205772189, Tapper Value: 3.3560879305590046, Total: 8.113345136331194, Random: 4.930283641360542
[4.757257205772189,3.3560879305590046,8.113345136331194,4.930283641360542]
Sitter 9 was tapped.

Current Sitters Status:
[1, 1, 3, 5.738663264207533, 0.6270435724340266, 1, 7, 1],
[2, 1, 0, 6.847845168594732, 0.8330619514362437, 1, -9, 0],
[3, 1, 0, 6.927587335079815, 0.8830141987340069, 1, -5, 0],
[4, 0, 0, 4.873655800397807, 0.7880827514272705, 1, -16, 0],
[5, 1, 0, 4.01964386029181, 0.7361007270809177, 1, -13, 0],
[6, 0, 1, 6.085783032042451, 0.7204177008824878, 0.8, -8, 0],
[7, 2, 0, 4.636806703315777, 0.6998274723400066, 1, -6, 0],
[8, 1, 0, 4.696097050415594, 0.6853385554089577, 1, -12, 2],
[9, 4, 1, 5.2311435768795675, 0.9094105592509741, 0.8, 8, 6],
[10, 1, 1, 4.841333522616218, 0.8391659975646351, 1, -6, 0],

Current Tappers Status:
[1, 8, 0, 2, 6.0304956886568775, 0.6415765805431486, 1],
[2, 1, 3, 1, 4.852792615081391, 0.6298752840214432, 4],
[3, 9, 1, 2, 4.471735617593772, 0.7505112595106652, 2],
[4, 4, 0, 0, 5.232660698584216, 0.5082274473443402, -16],
[5, 2, 0, 2, 3.554919442285539, 0.9774853343720815, 2],
[6, 6, 1, 0, 6.457863281682876, 0.8115055092321022, -10],
[7, 10, 0, 1, 6.4601179889660045, 0.625992565245052, 2],
[8, -1, 0, 1, 4.465138622422711, 0.5008005586417317, -8],
[9, 3, 0, 2, 4.6722892040330475, 0.6650136323471102, 5],
[10, 7, 1, 1, 5.009968233765281, 0.9997908244822832, -3],
[11, 5, 0, 0, 5.356731199189189, 0.7107542469160761, -13],

--- Iteration 19 ---
Tapper 8 winked at Sitter 8.
[8, 8]
Tapper 1 is assigned to Sitter 8.
Sitter Value: 3.2184163685920906, Tapper Value: 3.8690248029086796, Total: 7.08744117150077, Random: 1.9908842058510203
[3.2184163685920906,3.8690248029086796,7.08744117150077,1.9908842058510203]
Sitter 8 escaped successfully!

Current Sitters Status:
[1, 1, 3, 5.738663264207533, 0.6270435724340266, 1, 6, 0],
[2, 1, 0, 6.847845168594732, 0.8330619514362437, 1, -10, 0],
[3, 1, 0, 6.927587335079815, 0.8830141987340069, 1, -6, 0],
[4, 0, 0, 4.873655800397807, 0.7880827514272705, 1, -17, 0],
[5, 1, 0, 4.01964386029181, 0.7361007270809177, 1, -14, 0],
[6, 0, 1, 6.085783032042451, 0.7204177008824878, 0.8, -9, 0],
[7, 2, 0, 4.636806703315777, 0.6998274723400066, 1, -7, 0],
[8, 2, 0, 4.696097050415594, 0.6853385554089577, 1, -10, 3],
[9, 4, 1, 5.2311435768795675, 0.9094105592509741, 0.8, 8, 5],
[10, 1, 1, 4.841333522616218, 0.8391659975646351, 1, -7, 0],

Current Tappers Status:
[1, -1, 0, 3, 6.0304956886568775, 0.6415765805431486, 3],
[2, 1, 3, 1, 4.852792615081391, 0.6298752840214432, 3],
[3, 9, 1, 2, 4.471735617593772, 0.7505112595106652, 2],
[4, 4, 0, 0, 5.232660698584216, 0.5082274473443402, -17],
[5, 2, 0, 2, 3.554919442285539, 0.9774853343720815, 1],
[6, 6, 1, 0, 6.457863281682876, 0.8115055092321022, -11],
[7, 10, 0, 1, 6.4601179889660045, 0.625992565245052, 1],
[8, 8, 0, 1, 4.465138622422711, 0.5008005586417317, -6],
[9, 3, 0, 2, 4.6722892040330475, 0.6650136323471102, 4],
[10, 7, 1, 1, 5.009968233765281, 0.9997908244822832, -4],
[11, 5, 0, 0, 5.356731199189189, 0.7107542469160761, -14],

--- Iteration 20 ---
Tapper 1 winked at Sitter 1.
[1, 1]
Tapper 2 is assigned to Sitter 1.
Sitter Value: 3.598391914184604, Tapper Value: 3.0566541267215532, Total: 6.655046040906157, Random: 5.6854146974328055
[3.598391914184604,3.0566541267215532,6.655046040906157,5.6854146974328055]
Sitter 1 was tapped.

Current Sitters Status:
[1, 1, 4, 5.738663264207533, 0.6270435724340266, 1, 8, 6],
[2, 1, 0, 6.847845168594732, 0.8330619514362437, 1, -11, 0],
[3, 1, 0, 6.927587335079815, 0.8830141987340069, 1, -7, 0],
[4, 0, 0, 4.873655800397807, 0.7880827514272705, 1, -18, 0],
[5, 1, 0, 4.01964386029181, 0.7361007270809177, 1, -15, 0],
[6, 0, 1, 6.085783032042451, 0.7204177008824878, 0.8, -10, 0],
[7, 2, 0, 4.636806703315777, 0.6998274723400066, 1, -8, 0],
[8, 2, 0, 4.696097050415594, 0.6853385554089577, 1, -10, 2],
[9, 4, 1, 5.2311435768795675, 0.9094105592509741, 0.8, 8, 4],
[10, 1, 1, 4.841333522616218, 0.8391659975646351, 1, -8, 0],

Current Tappers Status:
[1, -1, 0, 3, 6.0304956886568775, 0.6415765805431486, 5],
[2, 1, 4, 1, 4.852792615081391, 0.6298752840214432, 5],
[3, 9, 1, 2, 4.471735617593772, 0.7505112595106652, 2],
[4, 4, 0, 0, 5.232660698584216, 0.5082274473443402, -18],
[5, 2, 0, 2, 3.554919442285539, 0.9774853343720815, 0],
[6, 6, 1, 0, 6.457863281682876, 0.8115055092321022, -12],
[7, 10, 0, 1, 6.4601179889660045, 0.625992565245052, 0],
[8, 8, 0, 1, 4.465138622422711, 0.5008005586417317, -6],
[9, 3, 0, 2, 4.6722892040330475, 0.6650136323471102, 3],
[10, 7, 1, 1, 5.009968233765281, 0.9997908244822832, -5],
[11, 5, 0, 0, 5.356731199189189, 0.7107542469160761, -15],
