
--- Iteration 1 ---
Tapper 11 winked at Sitter 4.
[11, 4]
Tapper 4 is assigned to Sitter 4.
Sitter Value: 5.513369248647675, Tapper Value: 3.902396388621209, Total: 9.415765637268883, Random: 6.6880968706282085
[5.513369248647675,3.902396388621209,9.415765637268883,6.6880968706282085]
Sitter 4 was tapped.

Current Sitters Status:
[1, 0, 0, 4.679599150196185, 0.7556773720540076, 1, 0, 5]
[2, 0, 0, 4.17497463631239, 0.7479115047438343, 1, 0, 4]
[3, 0, 0, 4.265638140599868, 0.8166225142104371, 1, 0, 2]
[4, 0, 1, 6.019954194581511, 0.91584903646114, 1, 2, 5]
[5, 0, 0, 4.440875203491834, 0.8453691600954569, 1, 0, 3]
[6, 0, 0, 2.758268261533862, 0.9670063492871764, 1, 0, 3]
[7, 0, 0, 5.040323314444452, 0.8869230508371567, 1, 0, 2]
[8, 0, 0, 3.982634399465285, 0.5538844142191703, 1, 0, 4]
[9, 0, 0, 5.653929516549562, 0.5514372898839592, 1, 0, 3]
[10, 0, 0, 2.904305829198496, 0.9623610008271861, 1, 0, 2]

Current Tappers Status:
[1, 1, 0, 0, 3.680813313592978, 0.9425132763470948, 0],
[2, 2, 0, 0, 5.415626551835197, 0.804255434730848, 0],
[3, 3, 0, 0, 4.675729472985589, 0.7955538911107155, 0],
[4, 4, 1, 0, 4.123163409790372, 0.9464568829251453, 2],
[5, 5, 0, 0, 4.07348517691632, 0.7853837621625741, 0],
[6, 6, 0, 0, 4.754718456848737, 0.7464137630365029, 0],
[7, 7, 0, 0, 4.352205996957247, 0.7506301729363627, 0],
[8, 8, 0, 0, 6.784389194964047, 0.7585108684535629, 0],
[9, 9, 0, 0, 3.7994815393084833, 0.6632670656763384, 0],
[10, 10, 0, 0, 6.813213886259161, 0.7665941644062962, 0],
[11, -1, 0, 0, 5.272257748865767, 0.726465113277744, 2],

--- Iteration 2 ---
Tapper 11 winked at Sitter 2.
[11, 2]
Tapper 2 is assigned to Sitter 2.
Sitter Value: 3.122511562511742, Tapper Value: 4.35554708678614, Total: 7.478058649297882, Random: 7.08666231610921
[3.122511562511742,4.35554708678614,7.478058649297882,7.08666231610921]
Sitter 2 was tapped.

Current Sitters Status:
[1, 0, 0, 4.679599150196185, 0.7556773720540076, 1, 0, 4]
[2, 0, 1, 4.17497463631239, 0.7479115047438343, 1, 2, 5]
[3, 0, 0, 4.265638140599868, 0.8166225142104371, 1, 0, 1]
[4, 0, 1, 6.019954194581511, 0.91584903646114, 1, 2, 4]
[5, 0, 0, 4.440875203491834, 0.8453691600954569, 1, 0, 2]
[6, 0, 0, 2.758268261533862, 0.9670063492871764, 1, 0, 2]
[7, 0, 0, 5.040323314444452, 0.8869230508371567, 1, 0, 1]
[8, 0, 0, 3.982634399465285, 0.5538844142191703, 1, 0, 3]
[9, 0, 0, 5.653929516549562, 0.5514372898839592, 1, 0, 2]
[10, 0, 0, 2.904305829198496, 0.9623610008271861, 1, 0, 1]

Current Tappers Status:
[1, 1, 0, 0, 3.680813313592978, 0.9425132763470948, 0],
[2, 2, 1, 0, 5.415626551835197, 0.804255434730848, 2],
[3, 3, 0, 0, 4.675729472985589, 0.7955538911107155, 0],
[4, 4, 1, 0, 4.123163409790372, 0.9464568829251453, 2],
[5, 5, 0, 0, 4.07348517691632, 0.7853837621625741, 0],
[6, 6, 0, 0, 4.754718456848737, 0.7464137630365029, 0],
[7, 7, 0, 0, 4.352205996957247, 0.7506301729363627, 0],
[8, 8, 0, 0, 6.784389194964047, 0.7585108684535629, 0],
[9, 9, 0, 0, 3.7994815393084833, 0.6632670656763384, 0],
[10, 10, 0, 0, 6.813213886259161, 0.7665941644062962, 0],
[11, -1, 0, 0, 5.272257748865767, 0.726465113277744, 4],

--- Iteration 3 ---
Tapper 11 winked at Sitter 10.
[11, 10]
Tapper 10 is assigned to Sitter 10.
Sitter Value: 2.794990664495695, Tapper Value: 5.222970006058216, Total: 8.017960670553911, Random: 2.8904973498627227
[2.794990664495695,5.222970006058216,8.017960670553911,2.8904973498627227]
Sitter 10 was tapped.

Current Sitters Status:
[1, 0, 0, 4.679599150196185, 0.7556773720540076, 1, 0, 3]
[2, 0, 1, 4.17497463631239, 0.7479115047438343, 1, 2, 4]
[3, 0, 0, 4.265638140599868, 0.8166225142104371, 1, -1, 0]
[4, 0, 1, 6.019954194581511, 0.91584903646114, 1, 2, 3]
[5, 0, 0, 4.440875203491834, 0.8453691600954569, 1, 0, 1]
[6, 0, 0, 2.758268261533862, 0.9670063492871764, 1, 0, 1]
[7, 0, 0, 5.040323314444452, 0.8869230508371567, 1, -1, 0]
[8, 0, 0, 3.982634399465285, 0.5538844142191703, 1, 0, 2]
[9, 0, 0, 5.653929516549562, 0.5514372898839592, 1, 0, 1]
[10, 0, 1, 2.904305829198496, 0.9623610008271861, 1, 2, 3]

Current Tappers Status:
[1, 1, 0, 0, 3.680813313592978, 0.9425132763470948, -1],
[2, 2, 1, 0, 5.415626551835197, 0.804255434730848, 2],
[3, 3, 0, 0, 4.675729472985589, 0.7955538911107155, -1],
[4, 4, 1, 0, 4.123163409790372, 0.9464568829251453, 2],
[5, 5, 0, 0, 4.07348517691632, 0.7853837621625741, 0],
[6, 6, 0, 0, 4.754718456848737, 0.7464137630365029, 0],
[7, 7, 0, 0, 4.352205996957247, 0.7506301729363627, 0],
[8, 8, 0, 0, 6.784389194964047, 0.7585108684535629, -1],
[9, 9, 0, 0, 3.7994815393084833, 0.6632670656763384, -1],
[10, 10, 1, 0, 6.813213886259161, 0.7665941644062962, 2],
[11, -1, 0, 0, 5.272257748865767, 0.726465113277744, 6],

--- Iteration 4 ---
Tapper 11 winked at Sitter 7.
[11, 7]
Tapper 7 is assigned to Sitter 7.
Sitter Value: 4.470378931252723, Tapper Value: 3.266897140150693, Total: 7.737276071403416, Random: 3.590416582896509
[4.470378931252723,3.266897140150693,7.737276071403416,3.590416582896509]
Sitter 7 escaped successfully!

Current Sitters Status:
[1, 0, 0, 4.679599150196185, 0.7556773720540076, 1, 0, 2]
[2, 0, 1, 4.17497463631239, 0.7479115047438343, 1, 2, 3]
[3, 0, 0, 4.265638140599868, 0.8166225142104371, 1, -2, 0]
[4, 0, 1, 6.019954194581511, 0.91584903646114, 1, 2, 2]
[5, 0, 0, 4.440875203491834, 0.8453691600954569, 1, -1, 0]
[6, 0, 0, 2.758268261533862, 0.9670063492871764, 1, -1, 0]
[7, 1, 0, 5.040323314444452, 0.8869230508371567, 1, 1, 3]
[8, 0, 0, 3.982634399465285, 0.5538844142191703, 1, 0, 1]
[9, 0, 0, 5.653929516549562, 0.5514372898839592, 1, -1, 0]
[10, 0, 1, 2.904305829198496, 0.9623610008271861, 1, 2, 2]

Current Tappers Status:
[1, 1, 0, 0, 3.680813313592978, 0.9425132763470948, -2],
[2, 2, 1, 0, 5.415626551835197, 0.804255434730848, 2],
[3, 3, 0, 0, 4.675729472985589, 0.7955538911107155, -2],
[4, 4, 1, 0, 4.123163409790372, 0.9464568829251453, 2],
[5, 5, 0, 0, 4.07348517691632, 0.7853837621625741, -1],
[6, 6, 0, 0, 4.754718456848737, 0.7464137630365029, 0],
[7, -1, 0, 1, 4.352205996957247, 0.7506301729363627, 2],
[8, 8, 0, 0, 6.784389194964047, 0.7585108684535629, -2],
[9, 9, 0, 0, 3.7994815393084833, 0.6632670656763384, -2],
[10, 10, 1, 0, 6.813213886259161, 0.7665941644062962, 2],
[11, 7, 0, 0, 5.272257748865767, 0.726465113277744, 8],

--- Iteration 5 ---
Tapper 7 winked at Sitter 10.
[7, 10]
Tapper 10 is assigned to Sitter 10.
Sitter Value: 2.794990664495695, Tapper Value: 5.222970006058216, Total: 8.017960670553911, Random: 6.0439633823942955
[2.794990664495695,5.222970006058216,8.017960670553911,6.0439633823942955]
Sitter 10 was tapped.

Current Sitters Status:
[1, 0, 0, 4.679599150196185, 0.7556773720540076, 1, 0, 1]
[2, 0, 1, 4.17497463631239, 0.7479115047438343, 1, 2, 2]
[3, 0, 0, 4.265638140599868, 0.8166225142104371, 1, -3, 0]
[4, 0, 1, 6.019954194581511, 0.91584903646114, 1, 2, 1]
[5, 0, 0, 4.440875203491834, 0.8453691600954569, 1, -2, 0]
[6, 0, 0, 2.758268261533862, 0.9670063492871764, 1, -2, 0]
[7, 1, 0, 5.040323314444452, 0.8869230508371567, 1, 1, 2]
[8, 0, 0, 3.982634399465285, 0.5538844142191703, 1, -1, 0]
[9, 0, 0, 5.653929516549562, 0.5514372898839592, 1, -2, 0]
[10, 0, 2, 2.904305829198496, 0.9623610008271861, 1, 4, 3]

Current Tappers Status:
[1, 1, 0, 0, 3.680813313592978, 0.9425132763470948, -3],
[2, 2, 1, 0, 5.415626551835197, 0.804255434730848, 2],
[3, 3, 0, 0, 4.675729472985589, 0.7955538911107155, -3],
[4, 4, 1, 0, 4.123163409790372, 0.9464568829251453, 2],
[5, 5, 0, 0, 4.07348517691632, 0.7853837621625741, -2],
[6, 6, 0, 0, 4.754718456848737, 0.7464137630365029, -1],
[7, -1, 0, 1, 4.352205996957247, 0.7506301729363627, 4],
[8, 8, 0, 0, 6.784389194964047, 0.7585108684535629, -3],
[9, 9, 0, 0, 3.7994815393084833, 0.6632670656763384, -3],
[10, 10, 2, 0, 6.813213886259161, 0.7665941644062962, 4],
[11, 7, 0, 0, 5.272257748865767, 0.726465113277744, 8],

--- Iteration 6 ---
Tapper 7 winked at Sitter 8.
[7, 8]
Tapper 8 is assigned to Sitter 8.
Sitter Value: 2.2059191213969465, Tapper Value: 5.146032940199147, Total: 7.351952061596093, Random: 1.150833742892368
[2.2059191213969465,5.146032940199147,7.351952061596093,1.150833742892368]
Sitter 8 escaped successfully!

Current Sitters Status:
[1, 0, 0, 4.679599150196185, 0.7556773720540076, 1, -1, 0]
[2, 0, 1, 4.17497463631239, 0.7479115047438343, 1, 2, 1]
[3, 0, 0, 4.265638140599868, 0.8166225142104371, 1, -4, 0]
[4, 0, 1, 6.019954194581511, 0.91584903646114, 1, 1, 0]
[5, 0, 0, 4.440875203491834, 0.8453691600954569, 1, -3, 0]
[6, 0, 0, 2.758268261533862, 0.9670063492871764, 1, -3, 0]
[7, 1, 0, 5.040323314444452, 0.8869230508371567, 1, 1, 1]
[8, 1, 0, 3.982634399465285, 0.5538844142191703, 1, 1, 5]
[9, 0, 0, 5.653929516549562, 0.5514372898839592, 1, -3, 0]
[10, 0, 2, 2.904305829198496, 0.9623610008271861, 1, 4, 2]

Current Tappers Status:
[1, 1, 0, 0, 3.680813313592978, 0.9425132763470948, -4],
[2, 2, 1, 0, 5.415626551835197, 0.804255434730848, 2],
[3, 3, 0, 0, 4.675729472985589, 0.7955538911107155, -4],
[4, 4, 1, 0, 4.123163409790372, 0.9464568829251453, 2],
[5, 5, 0, 0, 4.07348517691632, 0.7853837621625741, -3],
[6, 6, 0, 0, 4.754718456848737, 0.7464137630365029, -2],
[7, 8, 0, 1, 4.352205996957247, 0.7506301729363627, 6],
[8, -1, 0, 1, 6.784389194964047, 0.7585108684535629, -1],
[9, 9, 0, 0, 3.7994815393084833, 0.6632670656763384, -4],
[10, 10, 2, 0, 6.813213886259161, 0.7665941644062962, 4],
[11, 7, 0, 0, 5.272257748865767, 0.726465113277744, 8],

--- Iteration 7 ---
Tapper 8 winked at Sitter 1.
[8, 1]
Tapper 1 is assigned to Sitter 1.
Sitter Value: 3.5362671880864203, Tapper Value: 3.469215415816524, Total: 7.005482603902944, Random: 2.3749228961958315
[3.5362671880864203,3.469215415816524,7.005482603902944,2.3749228961958315]
Sitter 1 escaped successfully!

Current Sitters Status:
[1, 1, 0, 4.679599150196185, 0.7556773720540076, 1, 1, 6]
[2, 0, 1, 4.17497463631239, 0.7479115047438343, 1, 1, 0]
[3, 0, 0, 4.265638140599868, 0.8166225142104371, 1, -5, 0]
[4, 0, 1, 6.019954194581511, 0.91584903646114, 1, 0, 0]
[5, 0, 0, 4.440875203491834, 0.8453691600954569, 1, -4, 0]
[6, 0, 0, 2.758268261533862, 0.9670063492871764, 1, -4, 0]
[7, 1, 0, 5.040323314444452, 0.8869230508371567, 1, 0, 0]
[8, 1, 0, 3.982634399465285, 0.5538844142191703, 1, 1, 4]
[9, 0, 0, 5.653929516549562, 0.5514372898839592, 1, -4, 0]
[10, 0, 2, 2.904305829198496, 0.9623610008271861, 1, 4, 1]

Current Tappers Status:
[1, -1, 0, 1, 3.680813313592978, 0.9425132763470948, -2],
[2, 2, 1, 0, 5.415626551835197, 0.804255434730848, 2],
[3, 3, 0, 0, 4.675729472985589, 0.7955538911107155, -5],
[4, 4, 1, 0, 4.123163409790372, 0.9464568829251453, 1],
[5, 5, 0, 0, 4.07348517691632, 0.7853837621625741, -4],
[6, 6, 0, 0, 4.754718456848737, 0.7464137630365029, -3],
[7, 8, 0, 1, 4.352205996957247, 0.7506301729363627, 6],
[8, 1, 0, 1, 6.784389194964047, 0.7585108684535629, 1],
[9, 9, 0, 0, 3.7994815393084833, 0.6632670656763384, -5],
[10, 10, 2, 0, 6.813213886259161, 0.7665941644062962, 4],
[11, 7, 0, 0, 5.272257748865767, 0.726465113277744, 8],

--- Iteration 8 ---
Tapper 1 winked at Sitter 4.
[1, 4]
Tapper 4 is assigned to Sitter 4.
Sitter Value: 5.513369248647675, Tapper Value: 3.902396388621209, Total: 9.415765637268883, Random: 5.730753926001209
[5.513369248647675,3.902396388621209,9.415765637268883,5.730753926001209]
Sitter 4 was tapped.

Current Sitters Status:
[1, 1, 0, 4.679599150196185, 0.7556773720540076, 1, 1, 5]
[2, 0, 1, 4.17497463631239, 0.7479115047438343, 1, 0, 0]
[3, 0, 0, 4.265638140599868, 0.8166225142104371, 1, -6, 0]
[4, 0, 2, 6.019954194581511, 0.91584903646114, 1, 2, 5]
[5, 0, 0, 4.440875203491834, 0.8453691600954569, 1, -5, 0]
[6, 0, 0, 2.758268261533862, 0.9670063492871764, 1, -5, 0]
[7, 1, 0, 5.040323314444452, 0.8869230508371567, 1, -1, 0]
[8, 1, 0, 3.982634399465285, 0.5538844142191703, 1, 1, 3]
[9, 0, 0, 5.653929516549562, 0.5514372898839592, 1, -5, 0]
[10, 0, 2, 2.904305829198496, 0.9623610008271861, 1, 3, 0]

Current Tappers Status:
[1, -1, 0, 1, 3.680813313592978, 0.9425132763470948, 0],
[2, 2, 1, 0, 5.415626551835197, 0.804255434730848, 1],
[3, 3, 0, 0, 4.675729472985589, 0.7955538911107155, -6],
[4, 4, 2, 0, 4.123163409790372, 0.9464568829251453, 3],
[5, 5, 0, 0, 4.07348517691632, 0.7853837621625741, -5],
[6, 6, 0, 0, 4.754718456848737, 0.7464137630365029, -4],
[7, 8, 0, 1, 4.352205996957247, 0.7506301729363627, 6],
[8, 1, 0, 1, 6.784389194964047, 0.7585108684535629, 1],
[9, 9, 0, 0, 3.7994815393084833, 0.6632670656763384, -6],
[10, 10, 2, 0, 6.813213886259161, 0.7665941644062962, 4],
[11, 7, 0, 0, 5.272257748865767, 0.726465113277744, 8],

--- Iteration 9 ---
Tapper 1 winked at Sitter 4.
[1, 4]
Tapper 4 is assigned to Sitter 4.
Sitter Value: 5.513369248647675, Tapper Value: 3.902396388621209, Total: 9.415765637268883, Random: 2.949249727105644
[5.513369248647675,3.902396388621209,9.415765637268883,2.949249727105644]
Sitter 4 escaped successfully!

Current Sitters Status:
[1, 1, 0, 4.679599150196185, 0.7556773720540076, 1, 1, 4]
[2, 0, 1, 4.17497463631239, 0.7479115047438343, 1, -1, 0]
[3, 0, 0, 4.265638140599868, 0.8166225142104371, 1, -7, 0]
[4, 1, 2, 6.019954194581511, 0.91584903646114, 1, 4, 5]
[5, 0, 0, 4.440875203491834, 0.8453691600954569, 1, -6, 0]
[6, 0, 0, 2.758268261533862, 0.9670063492871764, 1, -6, 0]
[7, 1, 0, 5.040323314444452, 0.8869230508371567, 1, -2, 0]
[8, 1, 0, 3.982634399465285, 0.5538844142191703, 1, 1, 2]
[9, 0, 0, 5.653929516549562, 0.5514372898839592, 1, -6, 0]
[10, 0, 2, 2.904305829198496, 0.9623610008271861, 1, 2, 0]

Current Tappers Status:
[1, 4, 0, 1, 3.680813313592978, 0.9425132763470948, 2],
[2, 2, 1, 0, 5.415626551835197, 0.804255434730848, 0],
[3, 3, 0, 0, 4.675729472985589, 0.7955538911107155, -7],
[4, -1, 2, 1, 4.123163409790372, 0.9464568829251453, 5],
[5, 5, 0, 0, 4.07348517691632, 0.7853837621625741, -6],
[6, 6, 0, 0, 4.754718456848737, 0.7464137630365029, -5],
[7, 8, 0, 1, 4.352205996957247, 0.7506301729363627, 6],
[8, 1, 0, 1, 6.784389194964047, 0.7585108684535629, 1],
[9, 9, 0, 0, 3.7994815393084833, 0.6632670656763384, -7],
[10, 10, 2, 0, 6.813213886259161, 0.7665941644062962, 4],
[11, 7, 0, 0, 5.272257748865767, 0.726465113277744, 8],

--- Iteration 10 ---
Tapper 4 winked at Sitter 4.
[4, 4]
Tapper 1 is assigned to Sitter 4.
Sitter Value: 5.513369248647675, Tapper Value: 3.469215415816524, Total: 8.982584664464198, Random: 0.6011176110129598
[5.513369248647675,3.469215415816524,8.982584664464198,0.6011176110129598]
Sitter 4 escaped successfully!

Current Sitters Status:
[1, 1, 0, 4.679599150196185, 0.7556773720540076, 1, 1, 3],
[2, 0, 1, 4.17497463631239, 0.7479115047438343, 1, -2, 0],
[3, 0, 0, 4.265638140599868, 0.8166225142104371, 1, -8, 0],
[4, 2, 2, 6.019954194581511, 0.91584903646114, 1, 6, 5],
[5, 0, 0, 4.440875203491834, 0.8453691600954569, 1, -7, 0],
[6, 0, 0, 2.758268261533862, 0.9670063492871764, 1, -7, 0],
[7, 1, 0, 5.040323314444452, 0.8869230508371567, 1, -3, 0],
[8, 1, 0, 3.982634399465285, 0.5538844142191703, 1, 1, 1],
[9, 0, 0, 5.653929516549562, 0.5514372898839592, 1, -7, 0],
[10, 0, 2, 2.904305829198496, 0.9623610008271861, 1, 1, 0]

Current Tappers Status:
[1, -1, 0, 2, 3.680813313592978, 0.9425132763470948, 4],
[2, 2, 1, 0, 5.415626551835197, 0.804255434730848, -1],
[3, 3, 0, 0, 4.675729472985589, 0.7955538911107155, -8],
[4, 4, 2, 1, 4.123163409790372, 0.9464568829251453, 7],
[5, 5, 0, 0, 4.07348517691632, 0.7853837621625741, -7],
[6, 6, 0, 0, 4.754718456848737, 0.7464137630365029, -6],
[7, 8, 0, 1, 4.352205996957247, 0.7506301729363627, 6],
[8, 1, 0, 1, 6.784389194964047, 0.7585108684535629, 0],
[9, 9, 0, 0, 3.7994815393084833, 0.6632670656763384, -8],
[10, 10, 2, 0, 6.813213886259161, 0.7665941644062962, 4],
[11, 7, 0, 0, 5.272257748865767, 0.726465113277744, 7]

--- Iteration 11 ---
Tapper 1 winked at Sitter 6.
[1, 6]
Tapper 6 is assigned to Sitter 6.
Sitter Value: 2.6672629219405466, Tapper Value: 3.54898729555558, Total: 6.2162502174961265, Random: 2.1482313033612614
[2.6672629219405466,3.54898729555558,6.2162502174961265,2.1482313033612614]
Sitter 6 escaped successfully!

Current Sitters Status:
[1, 1, 0, 4.679599150196185, 0.7556773720540076, 1, 1, 2],
[2, 0, 1, 4.17497463631239, 0.7479115047438343, 1, -3, 0],
[3, 0, 0, 4.265638140599868, 0.8166225142104371, 1, -9, 0],
[4, 2, 2, 6.019954194581511, 0.91584903646114, 1, 6, 4],
[5, 0, 0, 4.440875203491834, 0.8453691600954569, 1, -8, 0],
[6, 1, 0, 2.758268261533862, 0.9670063492871764, 1, -5, 4],
[7, 1, 0, 5.040323314444452, 0.8869230508371567, 1, -4, 0],
[8, 1, 0, 3.982634399465285, 0.5538844142191703, 1, 0, 0],
[9, 0, 0, 5.653929516549562, 0.5514372898839592, 1, -8, 0],
[10, 0, 2, 2.904305829198496, 0.9623610008271861, 1, 0, 0]

Current Tappers Status:
[1, 6, 0, 2, 3.680813313592978, 0.9425132763470948, 6],
[2, 2, 1, 0, 5.415626551835197, 0.804255434730848, -2],
[3, 3, 0, 0, 4.675729472985589, 0.7955538911107155, -9],
[4, 4, 2, 1, 4.123163409790372, 0.9464568829251453, 7],
[5, 5, 0, 0, 4.07348517691632, 0.7853837621625741, -8],
[6, -1, 0, 1, 4.754718456848737, 0.7464137630365029, -4],
[7, 8, 0, 1, 4.352205996957247, 0.7506301729363627, 6],
[8, 1, 0, 1, 6.784389194964047, 0.7585108684535629, -1],
[9, 9, 0, 0, 3.7994815393084833, 0.6632670656763384, -9],
[10, 10, 2, 0, 6.813213886259161, 0.7665941644062962, 3],
[11, 7, 0, 0, 5.272257748865767, 0.726465113277744, 6]

--- Iteration 12 ---
Tapper 6 winked at Sitter 6.
[6, 6]
Tapper 1 is assigned to Sitter 6.
Sitter Value: 2.6672629219405466, Tapper Value: 3.469215415816524, Total: 6.136478337757071, Random: 0.5628054217329339
[2.6672629219405466,3.469215415816524,6.136478337757071,0.5628054217329339]
Sitter 6 escaped successfully!

Current Sitters Status:
[1, 1, 0, 4.679599150196185, 0.7556773720540076, 1, 1, 1],
[2, 0, 1, 4.17497463631239, 0.7479115047438343, 1, -4, 0],
[3, 0, 0, 4.265638140599868, 0.8166225142104371, 1, -10, 0],
[4, 2, 2, 6.019954194581511, 0.91584903646114, 1, 6, 3],
[5, 0, 0, 4.440875203491834, 0.8453691600954569, 1, -9, 0],
[6, 2, 0, 2.758268261533862, 0.9670063492871764, 1, -3, 4],
[7, 1, 0, 5.040323314444452, 0.8869230508371567, 1, -5, 0],
[8, 1, 0, 3.982634399465285, 0.5538844142191703, 1, -1, 0],
[9, 0, 0, 5.653929516549562, 0.5514372898839592, 1, -9, 0],
[10, 0, 2, 2.904305829198496, 0.9623610008271861, 1, -1, 0]

Current Tappers Status:
[1, -1, 0, 3, 3.680813313592978, 0.9425132763470948, 8],
[2, 2, 1, 0, 5.415626551835197, 0.804255434730848, -3],
[3, 3, 0, 0, 4.675729472985589, 0.7955538911107155, -10],
[4, 4, 2, 1, 4.123163409790372, 0.9464568829251453, 7],
[5, 5, 0, 0, 4.07348517691632, 0.7853837621625741, -9],
[6, 6, 0, 1, 4.754718456848737, 0.7464137630365029, -2],
[7, 8, 0, 1, 4.352205996957247, 0.7506301729363627, 5],
[8, 1, 0, 1, 6.784389194964047, 0.7585108684535629, -2],
[9, 9, 0, 0, 3.7994815393084833, 0.6632670656763384, -10],
[10, 10, 2, 0, 6.813213886259161, 0.7665941644062962, 2],
[11, 7, 0, 0, 5.272257748865767, 0.726465113277744, 5]

--- Iteration 13 ---
Tapper 1 winked at Sitter 4.
[1, 4]
Tapper 4 is assigned to Sitter 4.
Sitter Value: 5.513369248647675, Tapper Value: 3.902396388621209, Total: 9.415765637268883, Random: 4.247721925829365
[5.513369248647675,3.902396388621209,9.415765637268883,4.247721925829365]
Sitter 4 escaped successfully!

Current Sitters Status:
[1, 1, 0, 4.679599150196185, 0.7556773720540076, 1, 0, 0],
[2, 0, 1, 4.17497463631239, 0.7479115047438343, 1, -5, 0],
[3, 0, 0, 4.265638140599868, 0.8166225142104371, 1, -11, 0],
[4, 3, 2, 6.019954194581511, 0.91584903646114, 1, 8, 5],
[5, 0, 0, 4.440875203491834, 0.8453691600954569, 1, -10, 0],
[6, 2, 0, 2.758268261533862, 0.9670063492871764, 1, -3, 3],
[7, 1, 0, 5.040323314444452, 0.8869230508371567, 1, -6, 0],
[8, 1, 0, 3.982634399465285, 0.5538844142191703, 1, -2, 0],
[9, 0, 0, 5.653929516549562, 0.5514372898839592, 1, -10, 0],
[10, 0, 2, 2.904305829198496, 0.9623610008271861, 1, -2, 0]

Current Tappers Status:
[1, 4, 0, 3, 3.680813313592978, 0.9425132763470948, 10],
[2, 2, 1, 0, 5.415626551835197, 0.804255434730848, -4],
[3, 3, 0, 0, 4.675729472985589, 0.7955538911107155, -11],
[4, -1, 2, 2, 4.123163409790372, 0.9464568829251453, 9],
[5, 5, 0, 0, 4.07348517691632, 0.7853837621625741, -10],
[6, 6, 0, 1, 4.754718456848737, 0.7464137630365029, -2],
[7, 8, 0, 1, 4.352205996957247, 0.7506301729363627, 4],
[8, 1, 0, 1, 6.784389194964047, 0.7585108684535629, -3],
[9, 9, 0, 0, 3.7994815393084833, 0.6632670656763384, -11],
[10, 10, 2, 0, 6.813213886259161, 0.7665941644062962, 1],
[11, 7, 0, 0, 5.272257748865767, 0.726465113277744, 4]

--- Iteration 14 ---
Tapper 4 winked at Sitter 9.
[4, 9]
Tapper 9 is assigned to Sitter 9.
Sitter Value: 3.1177875698010142, Tapper Value: 2.520070971668555, Total: 5.637858541469569, Random: 4.8615613909159405
[3.1177875698010142,2.520070971668555,5.637858541469569,4.8615613909159405]
Sitter 9 was tapped.

Current Sitters Status:
[1, 1, 0, 4.679599150196185, 0.7556773720540076, 1, -1, 0],
[2, 0, 1, 4.17497463631239, 0.7479115047438343, 1, -6, 0],
[3, 0, 0, 4.265638140599868, 0.8166225142104371, 1, -12, 0],
[4, 3, 2, 6.019954194581511, 0.91584903646114, 1, 8, 4],
[5, 0, 0, 4.440875203491834, 0.8453691600954569, 1, -11, 0],
[6, 2, 0, 2.758268261533862, 0.9670063492871764, 1, -3, 2],
[7, 1, 0, 5.040323314444452, 0.8869230508371567, 1, -7, 0],
[8, 1, 0, 3.982634399465285, 0.5538844142191703, 1, -3, 0],
[9, 0, 1, 5.653929516549562, 0.5514372898839592, 1, -8, 4],
[10, 0, 2, 2.904305829198496, 0.9623610008271861, 1, -3, 0]

Current Tappers Status:
[1, 4, 0, 3, 3.680813313592978, 0.9425132763470948, 10],
[2, 2, 1, 0, 5.415626551835197, 0.804255434730848, -5],
[3, 3, 0, 0, 4.675729472985589, 0.7955538911107155, -12],
[4, -1, 2, 2, 4.123163409790372, 0.9464568829251453, 11],
[5, 5, 0, 0, 4.07348517691632, 0.7853837621625741, -11],
[6, 6, 0, 1, 4.754718456848737, 0.7464137630365029, -2],
[7, 8, 0, 1, 4.352205996957247, 0.7506301729363627, 3],
[8, 1, 0, 1, 6.784389194964047, 0.7585108684535629, -4],
[9, 9, 1, 0, 3.7994815393084833, 0.6632670656763384, -9],
[10, 10, 2, 0, 6.813213886259161, 0.7665941644062962, 0],
[11, 7, 0, 0, 5.272257748865767, 0.726465113277744, 3]

--- Iteration 15 ---
Tapper 4 winked at Sitter 5.
[4, 5]
Tapper 5 is assigned to Sitter 5.
Sitter Value: 3.7541789408646333, Tapper Value: 3.199249113360018, Total: 6.953428054224651, Random: 0.7354471073006735
[3.7541789408646333,3.199249113360018,6.953428054224651,0.7354471073006735]
Sitter 5 escaped successfully!

Current Sitters Status:
[1, 1, 0, 4.679599150196185, 0.7556773720540076, 1, -2, 0],
[2, 0, 1, 4.17497463631239, 0.7479115047438343, 1, -7, 0],
[3, 0, 0, 4.265638140599868, 0.8166225142104371, 1, -13, 0],
[4, 3, 2, 6.019954194581511, 0.91584903646114, 1, 8, 3],
[5, 1, 0, 4.440875203491834, 0.8453691600954569, 1, -9, 4],
[6, 2, 0, 2.758268261533862, 0.9670063492871764, 1, -3, 1],
[7, 1, 0, 5.040323314444452, 0.8869230508371567, 1, -8, 0],
[8, 1, 0, 3.982634399465285, 0.5538844142191703, 1, -4, 0],
[9, 0, 1, 5.653929516549562, 0.5514372898839592, 1, -8, 3],
[10, 0, 2, 2.904305829198496, 0.9623610008271861, 1, -4, 0]

Current Tappers Status:
[1, 4, 0, 3, 3.680813313592978, 0.9425132763470948, 10],
[2, 2, 1, 0, 5.415626551835197, 0.804255434730848, -6],
[3, 3, 0, 0, 4.675729472985589, 0.7955538911107155, -13],
[4, 5, 2, 2, 4.123163409790372, 0.9464568829251453, 13],
[5, -1, 0, 1, 4.07348517691632, 0.7853837621625741, -9],
[6, 6, 0, 1, 4.754718456848737, 0.7464137630365029, -2],
[7, 8, 0, 1, 4.352205996957247, 0.7506301729363627, 2],
[8, 1, 0, 1, 6.784389194964047, 0.7585108684535629, -5],
[9, 9, 1, 0, 3.7994815393084833, 0.6632670656763384, -9],
[10, 10, 2, 0, 6.813213886259161, 0.7665941644062962, -1],
[11, 7, 0, 0, 5.272257748865767, 0.726465113277744, 2]

--- Iteration 16 ---
Tapper 5 winked at Sitter 3.
[5, 3]
Tapper 3 is assigned to Sitter 3.
Sitter Value: 3.483416143088598, Tapper Value: 3.7197947760147403, Total: 7.203210919103338, Random: 5.6824172537560855
[3.483416143088598,3.7197947760147403,7.203210919103338,5.6824172537560855]
Sitter 3 was tapped.

Current Sitters Status:
[1, 1, 0, 4.679599150196185, 0.7556773720540076, 1, -3, 0],
[2, 0, 1, 4.17497463631239, 0.7479115047438343, 1, -8, 0],
[3, 0, 1, 4.265638140599868, 0.8166225142104371, 1, -11, 3],
[4, 3, 2, 6.019954194581511, 0.91584903646114, 1, 8, 2],
[5, 1, 0, 4.440875203491834, 0.8453691600954569, 1, -9, 3],
[6, 2, 0, 2.758268261533862, 0.9670063492871764, 1, -4, 0],
[7, 1, 0, 5.040323314444452, 0.8869230508371567, 1, -9, 0],
[8, 1, 0, 3.982634399465285, 0.5538844142191703, 1, -5, 0],
[9, 0, 1, 5.653929516549562, 0.5514372898839592, 1, -8, 2],
[10, 0, 2, 2.904305829198496, 0.9623610008271861, 1, -5, 0]

Current Tappers Status:
[1, 4, 0, 3, 3.680813313592978, 0.9425132763470948, 9],
[2, 2, 1, 0, 5.415626551835197, 0.804255434730848, -7],
[3, 3, 1, 0, 4.675729472985589, 0.7955538911107155, -11],
[4, 5, 2, 2, 4.123163409790372, 0.9464568829251453, 13],
[5, -1, 0, 1, 4.07348517691632, 0.7853837621625741, -7],
[6, 6, 0, 1, 4.754718456848737, 0.7464137630365029, -2],
[7, 8, 0, 1, 4.352205996957247, 0.7506301729363627, 1],
[8, 1, 0, 1, 6.784389194964047, 0.7585108684535629, -6],
[9, 9, 1, 0, 3.7994815393084833, 0.6632670656763384, -9],
[10, 10, 2, 0, 6.813213886259161, 0.7665941644062962, -2],
[11, 7, 0, 0, 5.272257748865767, 0.726465113277744, 1]

--- Iteration 17 ---
Tapper 5 winked at Sitter 7.
[5, 7]
Tapper 11 is assigned to Sitter 7.
Sitter Value: 4.470378931252723, Tapper Value: 3.830111322759233, Total: 8.300490254011956, Random: 4.530404686170954
[4.470378931252723,3.830111322759233,8.300490254011956,4.530404686170954]
Sitter 7 was tapped.

Current Sitters Status:
[1, 1, 0, 4.679599150196185, 0.7556773720540076, 1, -4, 0],
[2, 0, 1, 4.17497463631239, 0.7479115047438343, 1, -9, 0],
[3, 0, 1, 4.265638140599868, 0.8166225142104371, 1, -11, 2],
[4, 3, 2, 6.019954194581511, 0.91584903646114, 1, 8, 1],
[5, 1, 0, 4.440875203491834, 0.8453691600954569, 1, -9, 2],
[6, 2, 0, 2.758268261533862, 0.9670063492871764, 1, -5, 0],
[7, 1, 1, 5.040323314444452, 0.8869230508371567, 1, -7, 3],
[8, 1, 0, 3.982634399465285, 0.5538844142191703, 1, -6, 0],
[9, 0, 1, 5.653929516549562, 0.5514372898839592, 1, -8, 1],
[10, 0, 2, 2.904305829198496, 0.9623610008271861, 1, -6, 0]

Current Tappers Status:
[1, 4, 0, 3, 3.680813313592978, 0.9425132763470948, 8],
[2, 2, 1, 0, 5.415626551835197, 0.804255434730848, -8],
[3, 3, 1, 0, 4.675729472985589, 0.7955538911107155, -11],
[4, 5, 2, 2, 4.123163409790372, 0.9464568829251453, 13],
[5, -1, 0, 1, 4.07348517691632, 0.7853837621625741, -5],
[6, 6, 0, 1, 4.754718456848737, 0.7464137630365029, -3],
[7, 8, 0, 1, 4.352205996957247, 0.7506301729363627, 0],
[8, 1, 0, 1, 6.784389194964047, 0.7585108684535629, -7],
[9, 9, 1, 0, 3.7994815393084833, 0.6632670656763384, -10],
[10, 10, 2, 0, 6.813213886259161, 0.7665941644062962, -3],
[11, 7, 1, 0, 5.272257748865767, 0.726465113277744, 3]

--- Iteration 18 ---
Tapper 5 winked at Sitter 1.
[5, 1]
Tapper 8 is assigned to Sitter 1.
Sitter Value: 3.5362671880864203, Tapper Value: 5.146032940199147, Total: 8.682300128285567, Random: 4.921121891940548
[3.5362671880864203,5.146032940199147,8.682300128285567,4.921121891940548]
Sitter 1 was tapped.

Current Sitters Status:
[1, 1, 1, 4.679599150196185, 0.7556773720540076, 1, -2, 6],
[2, 0, 1, 4.17497463631239, 0.7479115047438343, 1, -10, 0],
[3, 0, 1, 4.265638140599868, 0.8166225142104371, 1, -11, 1],
[4, 3, 2, 6.019954194581511, 0.91584903646114, 1, 7, 0],
[5, 1, 0, 4.440875203491834, 0.8453691600954569, 1, -9, 1],
[6, 2, 0, 2.758268261533862, 0.9670063492871764, 1, -6, 0],
[7, 1, 1, 5.040323314444452, 0.8869230508371567, 1, -7, 2],
[8, 1, 0, 3.982634399465285, 0.5538844142191703, 1, -7, 0],
[9, 0, 1, 5.653929516549562, 0.5514372898839592, 1, -9, 0],
[10, 0, 2, 2.904305829198496, 0.9623610008271861, 1, -7, 0]

Current Tappers Status:
[1, 4, 0, 3, 3.680813313592978, 0.9425132763470948, 7],
[2, 2, 1, 0, 5.415626551835197, 0.804255434730848, -9],
[3, 3, 1, 0, 4.675729472985589, 0.7955538911107155, -11],
[4, 5, 2, 2, 4.123163409790372, 0.9464568829251453, 13],
[5, -1, 0, 1, 4.07348517691632, 0.7853837621625741, -3],
[6, 6, 0, 1, 4.754718456848737, 0.7464137630365029, -4],
[7, 8, 0, 1, 4.352205996957247, 0.7506301729363627, -1],
[8, 1, 1, 1, 6.784389194964047, 0.7585108684535629, -5],
[9, 9, 1, 0, 3.7994815393084833, 0.6632670656763384, -11],
[10, 10, 2, 0, 6.813213886259161, 0.7665941644062962, -4],
[11, 7, 1, 0, 5.272257748865767, 0.726465113277744, 3]

--- Iteration 19 ---
Tapper 5 winked at Sitter 6.
[5, 6]
Tapper 6 is assigned to Sitter 6.
Sitter Value: 2.6672629219405466, Tapper Value: 3.54898729555558, Total: 6.2162502174961265, Random: 4.215949265131749
[2.6672629219405466,3.54898729555558,6.2162502174961265,4.215949265131749]
Sitter 6 was tapped.

Current Sitters Status:
[1, 1, 1, 4.679599150196185, 0.7556773720540076, 1, -2, 5],
[2, 0, 1, 4.17497463631239, 0.7479115047438343, 1, -11, 0],
[3, 0, 1, 4.265638140599868, 0.8166225142104371, 1, -12, 0],
[4, 3, 2, 6.019954194581511, 0.91584903646114, 1, 6, 0],
[5, 1, 0, 4.440875203491834, 0.8453691600954569, 1, -10, 0],
[6, 2, 1, 2.758268261533862, 0.9670063492871764, 1, -4, 4],
[7, 1, 1, 5.040323314444452, 0.8869230508371567, 1, -7, 1],
[8, 1, 0, 3.982634399465285, 0.5538844142191703, 1, -8, 0],
[9, 0, 1, 5.653929516549562, 0.5514372898839592, 1, -10, 0],
[10, 0, 2, 2.904305829198496, 0.9623610008271861, 1, -8, 0]

Current Tappers Status:
[1, 4, 0, 3, 3.680813313592978, 0.9425132763470948, 6],
[2, 2, 1, 0, 5.415626551835197, 0.804255434730848, -10],
[3, 3, 1, 0, 4.675729472985589, 0.7955538911107155, -12],
[4, 5, 2, 2, 4.123163409790372, 0.9464568829251453, 13],
[5, -1, 0, 1, 4.07348517691632, 0.7853837621625741, -1],
[6, 6, 1, 1, 4.754718456848737, 0.7464137630365029, -2],
[7, 8, 0, 1, 4.352205996957247, 0.7506301729363627, -2],
[8, 1, 1, 1, 6.784389194964047, 0.7585108684535629, -5],
[9, 9, 1, 0, 3.7994815393084833, 0.6632670656763384, -12],
[10, 10, 2, 0, 6.813213886259161, 0.7665941644062962, -5],
[11, 7, 1, 0, 5.272257748865767, 0.726465113277744, 3]

--- Iteration 20 ---
Tapper 5 winked at Sitter 3.
[5, 3]
Tapper 3 is assigned to Sitter 3.
Sitter Value: 3.483416143088598, Tapper Value: 3.7197947760147403, Total: 7.203210919103338, Random: 6.216764548176976
[3.483416143088598,3.7197947760147403,7.203210919103338,6.216764548176976]
Sitter 3 was tapped.

Current Sitters Status:
[1, 1, 1, 4.679599150196185, 0.7556773720540076, 1, -2, 4],
[2, 0, 1, 4.17497463631239, 0.7479115047438343, 1, -12, 0],
[3, 0, 2, 4.265638140599868, 0.8166225142104371, 1, -10, 3],
[4, 3, 2, 6.019954194581511, 0.91584903646114, 1, 5, 0],
[5, 1, 0, 4.440875203491834, 0.8453691600954569, 1, -11, 0],
[6, 2, 1, 2.758268261533862, 0.9670063492871764, 1, -4, 3],
[7, 1, 1, 5.040323314444452, 0.8869230508371567, 1, -8, 0],
[8, 1, 0, 3.982634399465285, 0.5538844142191703, 1, -9, 0],
[9, 0, 1, 5.653929516549562, 0.5514372898839592, 1, -11, 0],
[10, 0, 2, 2.904305829198496, 0.9623610008271861, 1, -9, 0]

Current Tappers Status:
[1, 4, 0, 3, 3.680813313592978, 0.9425132763470948, 5],
[2, 2, 1, 0, 5.415626551835197, 0.804255434730848, -11],
[3, 3, 2, 0, 4.675729472985589, 0.7955538911107155, -10],
[4, 5, 2, 2, 4.123163409790372, 0.9464568829251453, 13],
[5, -1, 0, 1, 4.07348517691632, 0.7853837621625741, 1],
[6, 6, 1, 1, 4.754718456848737, 0.7464137630365029, -2],
[7, 8, 0, 1, 4.352205996957247, 0.7506301729363627, -3],
[8, 1, 1, 1, 6.784389194964047, 0.7585108684535629, -5],
[9, 9, 1, 0, 3.7994815393084833, 0.6632670656763384, -13],
[10, 10, 2, 0, 6.813213886259161, 0.7665941644062962, -6],
[11, 7, 1, 0, 5.272257748865767, 0.726465113277744, 3]
