
--- Iteration 1 ---
Tapper 11 winked at Sitter 5.
[11, 5]
Tapper 5 is assigned to Sitter 5.
Sitter Value: 5.2022354865468285, Tapper Value: 3.5908972072879717, Total: 8.7931326938348, Random: 8.753760945852537
[5.2022354865468285,3.5908972072879717,8.7931326938348,8.753760945852537]
Sitter 5 was tapped.

Current Sitters Status:
[1, 0, 0, 4.341558143100805, 0.5255549550737469, 1, 0, 2]
[2, 0, 0, 3.6833915753631135, 0.853882354311931, 1, 0, 3]
[3, 0, 0, 4.030846580154901, 0.7343820090141446, 1, 0, 4]
[4, 0, 0, 4.38702874169782, 0.857420207651493, 1, 0, 5]
[5, 0, 1, 6.066167029703483, 0.8575819724504217, 1, 2, 4]
[6, 0, 0, 4.5793166697641885, 0.65489344179145, 1, 0, 5]
[7, 0, 0, 4.517177454152283, 0.5608085990039738, 1, 0, 2]
[8, 0, 0, 4.013872433214761, 0.6805888763658928, 1, 0, 5]
[9, 0, 0, 4.941923168230852, 0.8356909173710195, 1, 0, 4]
[10, 0, 0, 5.288323337509571, 0.8567337051654406, 1, 0, 3]

Current Tappers Status:
[1, 1, 0, 0, 5.3897633190353424, 0.5594584084467598, 0]
[2, 2, 0, 0, 5.119091111510813, 0.5573738079814352, 0]
[3, 3, 0, 0, 5.3430852803947575, 0.9892140703360999, 0]
[4, 4, 0, 0, 7.483061817578029, 0.8211390996232107, 0]
[5, 5, 1, 0, 4.786137457918482, 0.750270387940273, 2]
[6, 6, 0, 0, 4.971278142845731, 0.5341285400022056, 0]
[7, 7, 0, 0, 5.585309101887924, 0.668562688809359, 0]
[8, 8, 0, 0, 5.157022479800117, 0.8023747882152803, 0]
[9, 9, 0, 0, 6.1888687749006275, 0.6094895761840762, 0]
[10, 10, 0, 0, 4.037625289124635, 0.6353567565635208, 0]
[11, -1, 0, 0, 5.874240650274576, 0.6930297113865256, 2]

--- Iteration 2 ---
Tapper 11 winked at Sitter 6.
[11, 6]
Tapper 6 is assigned to Sitter 6.
Sitter Value: 2.99896445491483, Tapper Value: 2.655301536383066, Total: 5.654265991297896, Random: 1.3321313776320938
[2.99896445491483,2.655301536383066,5.654265991297896,1.3321313776320938]
Sitter 6 escaped successfully!

Current Sitters Status:
[1, 0, 0, 4.341558143100805, 0.5255549550737469, 1, 0, 1]
[2, 0, 0, 3.6833915753631135, 0.853882354311931, 1, 0, 2]
[3, 0, 0, 4.030846580154901, 0.7343820090141446, 1, 0, 3]
[4, 0, 0, 4.38702874169782, 0.857420207651493, 1, 0, 4]
[5, 0, 1, 6.066167029703483, 0.8575819724504217, 1, 2, 3]
[6, 1, 0, 4.5793166697641885, 0.65489344179145, 1, 2, 6]
[7, 0, 0, 4.517177454152283, 0.5608085990039738, 1, 0, 1]
[8, 0, 0, 4.013872433214761, 0.6805888763658928, 1, 0, 4]
[9, 0, 0, 4.941923168230852, 0.8356909173710195, 1, 0, 3]
[10, 0, 0, 5.288323337509571, 0.8567337051654406, 1, 0, 2]

Current Tappers Status:
[1, 1, 0, 0, 5.3897633190353424, 0.5594584084467598, 0]
[2, 2, 0, 0, 5.119091111510813, 0.5573738079814352, 0]
[3, 3, 0, 0, 5.3430852803947575, 0.9892140703360999, 0]
[4, 4, 0, 0, 7.483061817578029, 0.8211390996232107, 0]
[5, 5, 1, 0, 4.786137457918482, 0.750270387940273, 2]
[6, -1, 0, 1, 4.971278142845731, 0.5341285400022056, 2]
[7, 7, 0, 0, 5.585309101887924, 0.668562688809359, 0]
[8, 8, 0, 0, 5.157022479800117, 0.8023747882152803, 0]
[9, 9, 0, 0, 6.1888687749006275, 0.6094895761840762, 0]
[10, 10, 0, 0, 4.037625289124635, 0.6353567565635208, 0]
[11, 6, 0, 0, 5.874240650274576, 0.6930297113865256, 4]

--- Iteration 3 ---
Tapper 6 winked at Sitter 5.
[6, 5]
Tapper 5 is assigned to Sitter 5.
Sitter Value: 5.2022354865468285, Tapper Value: 3.5908972072879717, Total: 8.7931326938348, Random: 6.128446164830363
[5.2022354865468285,3.5908972072879717,8.7931326938348,6.128446164830363]
Sitter 5 was tapped.

Current Sitters Status:
[1, 0, 0, 4.341558143100805, 0.5255549550737469, 1, -1, 0]
[2, 0, 0, 3.6833915753631135, 0.853882354311931, 1, 0, 1]
[3, 0, 0, 4.030846580154901, 0.7343820090141446, 1, 0, 2]
[4, 0, 0, 4.38702874169782, 0.857420207651493, 1, 0, 3]
[5, 0, 2, 6.066167029703483, 0.8575819724504217, 1, 4, 4]
[6, 1, 0, 4.5793166697641885, 0.65489344179145, 1, 2, 5]
[7, 0, 0, 4.517177454152283, 0.5608085990039738, 1, -1, 0]
[8, 0, 0, 4.013872433214761, 0.6805888763658928, 1, 0, 3]
[9, 0, 0, 4.941923168230852, 0.8356909173710195, 1, 0, 2]
[10, 0, 0, 5.288323337509571, 0.8567337051654406, 1, 0, 1]

Current Tappers Status:
[1, 1, 0, 0, 5.3897633190353424, 0.5594584084467598, 0]
[2, 2, 0, 0, 5.119091111510813, 0.5573738079814352, 0]
[3, 3, 0, 0, 5.3430852803947575, 0.9892140703360999, 0]
[4, 4, 0, 0, 7.483061817578029, 0.8211390996232107, 0]
[5, 5, 2, 0, 4.786137457918482, 0.750270387940273, 4]
[6, -1, 0, 1, 4.971278142845731, 0.5341285400022056, 4]
[7, 7, 0, 0, 5.585309101887924, 0.668562688809359, -1]
[8, 8, 0, 0, 5.157022479800117, 0.8023747882152803, 0]
[9, 9, 0, 0, 6.1888687749006275, 0.6094895761840762, 0]
[10, 10, 0, 0, 4.037625289124635, 0.6353567565635208, 0]
[11, 6, 0, 0, 5.874240650274576, 0.6930297113865256, 4]

--- Iteration 4 ---
Tapper 6 winked at Sitter 4.
[6, 4]
Tapper 4 is assigned to Sitter 4.
Sitter Value: 3.761527094679613, Tapper Value: 6.144634643310849, Total: 9.906161737990463, Random: 1.0517701402970117
[3.761527094679613,6.144634643310849,9.906161737990463,1.0517701402970117]
Sitter 4 escaped successfully!

Current Sitters Status:
[1, 0, 0, 4.341558143100805, 0.5255549550737469, 1, -2, 0]
[2, 0, 0, 3.6833915753631135, 0.853882354311931, 1, -1, 0]
[3, 0, 0, 4.030846580154901, 0.7343820090141446, 1, 0, 1]
[4, 1, 0, 4.38702874169782, 0.857420207651493, 1, 2, 6]
[5, 0, 2, 6.066167029703483, 0.8575819724504217, 1, 4, 3]
[6, 1, 0, 4.5793166697641885, 0.65489344179145, 1, 2, 4]
[7, 0, 0, 4.517177454152283, 0.5608085990039738, 1, -2, 0]
[8, 0, 0, 4.013872433214761, 0.6805888763658928, 1, 0, 2]
[9, 0, 0, 4.941923168230852, 0.8356909173710195, 1, 0, 1]
[10, 0, 0, 5.288323337509571, 0.8567337051654406, 1, -1, 0]

Current Tappers Status:
[1, 1, 0, 0, 5.3897633190353424, 0.5594584084467598, 0]
[2, 2, 0, 0, 5.119091111510813, 0.5573738079814352, 0]
[3, 3, 0, 0, 5.3430852803947575, 0.9892140703360999, 0]
[4, -1, 0, 1, 7.483061817578029, 0.8211390996232107, 2]
[5, 5, 2, 0, 4.786137457918482, 0.750270387940273, 4]
[6, 4, 0, 1, 4.971278142845731, 0.5341285400022056, 6]
[7, 7, 0, 0, 5.585309101887924, 0.668562688809359, -2]
[8, 8, 0, 0, 5.157022479800117, 0.8023747882152803, 0]
[9, 9, 0, 0, 6.1888687749006275, 0.6094895761840762, -1]
[10, 10, 0, 0, 4.037625289124635, 0.6353567565635208, 0]
[11, 6, 0, 0, 5.874240650274576, 0.6930297113865256, 4]

--- Iteration 5 ---
Tapper 4 winked at Sitter 6.
[4, 6]
Tapper 11 is assigned to Sitter 6.
Sitter Value: 2.99896445491483, Tapper Value: 4.071023302474786, Total: 7.069987757389616, Random: 0.8754197450560209
[2.99896445491483,4.071023302474786,7.069987757389616,0.8754197450560209]
Sitter 6 escaped successfully!

Current Sitters Status:
[1, 0, 0, 4.341558143100805, 0.5255549550737469, 1, -3, 0]
[2, 0, 0, 3.6833915753631135, 0.853882354311931, 1, -2, 0]
[3, 0, 0, 4.030846580154901, 0.7343820090141446, 1, -1, 0]
[4, 1, 0, 4.38702874169782, 0.857420207651493, 1, 2, 5]
[5, 0, 2, 6.066167029703483, 0.8575819724504217, 1, 4, 2]
[6, 2, 0, 4.5793166697641885, 0.65489344179145, 1, 4, 6]
[7, 0, 0, 4.517177454152283, 0.5608085990039738, 1, -3, 0]
[8, 0, 0, 4.013872433214761, 0.6805888763658928, 1, 0, 1]
[9, 0, 0, 4.941923168230852, 0.8356909173710195, 1, -1, 0]
[10, 0, 0, 5.288323337509571, 0.8567337051654406, 1, -2, 0]

Current Tappers Status:
[1, 1, 0, 0, 5.3897633190353424, 0.5594584084467598, 0]
[2, 2, 0, 0, 5.119091111510813, 0.5573738079814352, 0]
[3, 3, 0, 0, 5.3430852803947575, 0.9892140703360999, 0]
[4, 6, 0, 1, 7.483061817578029, 0.8211390996232107, 4]
[5, 5, 2, 0, 4.786137457918482, 0.750270387940273, 4]
[6, 4, 0, 1, 4.971278142845731, 0.5341285400022056, 6]
[7, 7, 0, 0, 5.585309101887924, 0.668562688809359, -3]
[8, 8, 0, 0, 5.157022479800117, 0.8023747882152803, 0]
[9, 9, 0, 0, 6.1888687749006275, 0.6094895761840762, -2]
[10, 10, 0, 0, 4.037625289124635, 0.6353567565635208, 0]
[11, -1, 0, 1, 5.874240650274576, 0.6930297113865256, 6]

--- Iteration 6 ---
Tapper 11 winked at Sitter 5.
[11, 5]
Tapper 5 is assigned to Sitter 5.
Sitter Value: 5.2022354865468285, Tapper Value: 3.5908972072879717, Total: 8.7931326938348, Random: 0.13472524636131686
[5.2022354865468285,3.5908972072879717,8.7931326938348,0.13472524636131686]
Sitter 5 escaped successfully!

Current Sitters Status:
[1, 0, 0, 4.341558143100805, 0.5255549550737469, 1, -4, 0]
[2, 0, 0, 3.6833915753631135, 0.853882354311931, 1, -3, 0]
[3, 0, 0, 4.030846580154901, 0.7343820090141446, 1, -2, 0]
[4, 1, 0, 4.38702874169782, 0.857420207651493, 1, 2, 4]
[5, 1, 2, 6.066167029703483, 0.8575819724504217, 1, 6, 4]
[6, 2, 0, 4.5793166697641885, 0.65489344179145, 1, 4, 5]
[7, 0, 0, 4.517177454152283, 0.5608085990039738, 1, -4, 0]
[8, 0, 0, 4.013872433214761, 0.6805888763658928, 1, -1, 0]
[9, 0, 0, 4.941923168230852, 0.8356909173710195, 1, -2, 0]
[10, 0, 0, 5.288323337509571, 0.8567337051654406, 1, -3, 0]

Current Tappers Status:
[1, 1, 0, 0, 5.3897633190353424, 0.5594584084467598, -1]
[2, 2, 0, 0, 5.119091111510813, 0.5573738079814352, -1]
[3, 3, 0, 0, 5.3430852803947575, 0.9892140703360999, -1]
[4, 6, 0, 1, 7.483061817578029, 0.8211390996232107, 4]
[5, -1, 2, 1, 4.786137457918482, 0.750270387940273, 6]
[6, 4, 0, 1, 4.971278142845731, 0.5341285400022056, 6]
[7, 7, 0, 0, 5.585309101887924, 0.668562688809359, -4]
[8, 8, 0, 0, 5.157022479800117, 0.8023747882152803, -1]
[9, 9, 0, 0, 6.1888687749006275, 0.6094895761840762, -3]
[10, 10, 0, 0, 4.037625289124635, 0.6353567565635208, -1]
[11, 5, 0, 1, 5.874240650274576, 0.6930297113865256, 8]

--- Iteration 7 ---
Tapper 5 winked at Sitter 7.
[5, 7]
Tapper 7 is assigned to Sitter 7.
Sitter Value: 2.533271959515479, Tapper Value: 3.734129270989577, Total: 6.267401230505056, Random: 0.025034937431545386
[2.533271959515479,3.734129270989577,6.267401230505056,0.025034937431545386]
Sitter 7 escaped successfully!

Current Sitters Status:
[1, 0, 0, 4.341558143100805, 0.5255549550737469, 1, -5, 0]
[2, 0, 0, 3.6833915753631135, 0.853882354311931, 1, -4, 0]
[3, 0, 0, 4.030846580154901, 0.7343820090141446, 1, -3, 0]
[4, 1, 0, 4.38702874169782, 0.857420207651493, 1, 2, 3]
[5, 1, 2, 6.066167029703483, 0.8575819724504217, 1, 6, 3]
[6, 2, 0, 4.5793166697641885, 0.65489344179145, 1, 4, 4]
[7, 1, 0, 4.517177454152283, 0.5608085990039738, 1, -2, 3]
[8, 0, 0, 4.013872433214761, 0.6805888763658928, 1, -2, 0]
[9, 0, 0, 4.941923168230852, 0.8356909173710195, 1, -3, 0]
[10, 0, 0, 5.288323337509571, 0.8567337051654406, 1, -4, 0]

Current Tappers Status:
[1, 1, 0, 0, 5.3897633190353424, 0.5594584084467598, -2]
[2, 2, 0, 0, 5.119091111510813, 0.5573738079814352, -2]
[3, 3, 0, 0, 5.3430852803947575, 0.9892140703360999, -2]
[4, 6, 0, 1, 7.483061817578029, 0.8211390996232107, 4]
[5, 7, 2, 1, 4.786137457918482, 0.750270387940273, 8]
[6, 4, 0, 1, 4.971278142845731, 0.5341285400022056, 5]
[7, -1, 0, 1, 5.585309101887924, 0.668562688809359, -2]
[8, 8, 0, 0, 5.157022479800117, 0.8023747882152803, -2]
[9, 9, 0, 0, 6.1888687749006275, 0.6094895761840762, -4]
[10, 10, 0, 0, 4.037625289124635, 0.6353567565635208, -2]
[11, 5, 0, 1, 5.874240650274576, 0.6930297113865256, 8]

--- Iteration 8 ---
Tapper 7 winked at Sitter 9.
[7, 9]
Tapper 9 is assigned to Sitter 9.
Sitter Value: 4.129920306035936, Tapper Value: 3.7720510066730464, Total: 7.901971312708983, Random: 3.1920331217201237
[4.129920306035936,3.7720510066730464,7.901971312708983,3.1920331217201237]
Sitter 9 escaped successfully!

Current Sitters Status:
[1, 0, 0, 4.341558143100805, 0.5255549550737469, 1, -6, 0]
[2, 0, 0, 3.6833915753631135, 0.853882354311931, 1, -5, 0]
[3, 0, 0, 4.030846580154901, 0.7343820090141446, 1, -4, 0]
[4, 1, 0, 4.38702874169782, 0.857420207651493, 1, 2, 2]
[5, 1, 2, 6.066167029703483, 0.8575819724504217, 1, 6, 2]
[6, 2, 0, 4.5793166697641885, 0.65489344179145, 1, 4, 3]
[7, 1, 0, 4.517177454152283, 0.5608085990039738, 1, -2, 2]
[8, 0, 0, 4.013872433214761, 0.6805888763658928, 1, -3, 0]
[9, 1, 0, 4.941923168230852, 0.8356909173710195, 1, -1, 5]
[10, 0, 0, 5.288323337509571, 0.8567337051654406, 1, -5, 0]

Current Tappers Status:
[1, 1, 0, 0, 5.3897633190353424, 0.5594584084467598, -3]
[2, 2, 0, 0, 5.119091111510813, 0.5573738079814352, -3]
[3, 3, 0, 0, 5.3430852803947575, 0.9892140703360999, -3]
[4, 6, 0, 1, 7.483061817578029, 0.8211390996232107, 4]
[5, 7, 2, 1, 4.786137457918482, 0.750270387940273, 8]
[6, 4, 0, 1, 4.971278142845731, 0.5341285400022056, 4]
[7, 9, 0, 1, 5.585309101887924, 0.668562688809359, 0]
[8, 8, 0, 0, 5.157022479800117, 0.8023747882152803, -3]
[9, -1, 0, 1, 6.1888687749006275, 0.6094895761840762, -2]
[10, 10, 0, 0, 4.037625289124635, 0.6353567565635208, -3]
[11, 5, 0, 1, 5.874240650274576, 0.6930297113865256, 8]

--- Iteration 9 ---
Tapper 9 winked at Sitter 9.
[9, 9]
Tapper 7 is assigned to Sitter 9.
Sitter Value: 4.129920306035936, Tapper Value: 3.734129270989577, Total: 7.864049577025513, Random: 3.182661530505399
[4.129920306035936,3.734129270989577,7.864049577025513,3.182661530505399]
Sitter 9 escaped successfully!

Current Sitters Status:
[1, 0, 0, 4.341558143100805, 0.5255549550737469, 1, -7, 0]
[2, 0, 0, 3.6833915753631135, 0.853882354311931, 1, -6, 0]
[3, 0, 0, 4.030846580154901, 0.7343820090141446, 1, -5, 0]
[4, 1, 0, 4.38702874169782, 0.857420207651493, 1, 2, 1]
[5, 1, 2, 6.066167029703483, 0.8575819724504217, 1, 6, 1]
[6, 2, 0, 4.5793166697641885, 0.65489344179145, 1, 4, 2]
[7, 1, 0, 4.517177454152283, 0.5608085990039738, 1, -2, 1]
[8, 0, 0, 4.013872433214761, 0.6805888763658928, 1, -4, 0]
[9, 2, 0, 4.941923168230852, 0.8356909173710195, 1, 1, 5]
[10, 0, 0, 5.288323337509571, 0.8567337051654406, 1, -6, 0]

Current Tappers Status:
[1, 1, 0, 0, 5.3897633190353424, 0.5594584084467598, -4]
[2, 2, 0, 0, 5.119091111510813, 0.5573738079814352, -4]
[3, 3, 0, 0, 5.3430852803947575, 0.9892140703360999, -4]
[4, 6, 0, 1, 7.483061817578029, 0.8211390996232107, 4]
[5, 7, 2, 1, 4.786137457918482, 0.750270387940273, 8]
[6, 4, 0, 1, 4.971278142845731, 0.5341285400022056, 3]
[7, -1, 0, 2, 5.585309101887924, 0.668562688809359, 2]
[8, 8, 0, 0, 5.157022479800117, 0.8023747882152803, -4]
[9, 9, 0, 1, 6.1888687749006275, 0.6094895761840762, 0]
[10, 10, 0, 0, 4.037625289124635, 0.6353567565635208, -4]
[11, 5, 0, 1, 5.874240650274576, 0.6930297113865256, 8]

--- Iteration 10 ---
Tapper 7 winked at Sitter 4.
[7, 4]
Tapper 6 is assigned to Sitter 4.
Sitter Value: 3.761527094679613, Tapper Value: 2.655301536383066, Total: 6.416828631062679, Random: 0.6537598735188221
[3.761527094679613,2.655301536383066,6.416828631062679,0.6537598735188221]
Sitter 4 escaped successfully!

Current Sitters Status:
[1, 0, 0, 4.341558143100805, 0.5255549550737469, 1, -8, 0]
[2, 0, 0, 3.6833915753631135, 0.853882354311931, 1, -7, 0]
[3, 0, 0, 4.030846580154901, 0.7343820090141446, 1, -6, 0]
[4, 2, 0, 4.38702874169782, 0.857420207651493, 1, 4, 6]
[5, 1, 2, 6.066167029703483, 0.8575819724504217, 1, 5, 0]
[6, 2, 0, 4.5793166697641885, 0.65489344179145, 1, 4, 1]
[7, 1, 0, 4.517177454152283, 0.5608085990039738, 1, -3, 0]
[8, 0, 0, 4.013872433214761, 0.6805888763658928, 1, -5, 0]
[9, 2, 0, 4.941923168230852, 0.8356909173710195, 1, 1, 4]
[10, 0, 0, 5.288323337509571, 0.8567337051654406, 1, -7, 0]

Current Tappers Status:
[1, 1, 0, 0, 5.3897633190353424, 0.5594584084467598, -5]
[2, 2, 0, 0, 5.119091111510813, 0.5573738079814352, -5]
[3, 3, 0, 0, 5.3430852803947575, 0.9892140703360999, -5]
[4, 6, 0, 1, 7.483061817578029, 0.8211390996232107, 3]
[5, 7, 2, 1, 4.786137457918482, 0.750270387940273, 8]
[6, -1, 0, 2, 4.971278142845731, 0.5341285400022056, 5]
[7, 4, 0, 2, 5.585309101887924, 0.668562688809359, 4]
[8, 8, 0, 0, 5.157022479800117, 0.8023747882152803, -5]
[9, 9, 0, 1, 6.1888687749006275, 0.6094895761840762, 0]
[10, 10, 0, 0, 4.037625289124635, 0.6353567565635208, -5]
[11, 5, 0, 1, 5.874240650274576, 0.6930297113865256, 8]
