Sitter ID: 3 is now a favourite with winkability 1.2
Sitter ID: 5 is now a favourite with winkability 1.2
Sitter ID: 2 is now hated with winkability 0.8
Sitter ID: 1 is now hated with winkability 0.8

--- Iteration 1 ---
Tapper 11 winked at Sitter 10.
[11, 10]
Tapper 10 is assigned to Sitter 10.
Sitter Value: 3.930623226208985, Tapper Value: 5.422639359746928, Total: 9.353262585955912, Random: 2.4736144189279283
[3.930623226208985,5.422639359746928,9.353262585955912,2.4736144189279283]
Sitter 10 escaped successfully!

Current Sitters Status:
[1, 0, 0, 4.6272597320637905, 0.7822288759802531, 0.8, 0, 4],
[2, 0, 0, 6.795521380709072, 0.7366809030285655, 0.8, 0, 2],
[3, 0, 0, 5.298918423276397, 0.5843234244275308, 1.2, 0, 3],
[4, 0, 0, 5.2320595822229, 0.508681875190151, 1, 0, 4],
[5, 0, 0, 4.629776776280631, 0.7105064254831989, 1.2, 0, 5],
[6, 0, 0, 5.539541521244413, 0.5429855351295241, 1, 0, 4],
[7, 0, 0, 5.383285045248577, 0.6534651324182366, 1, 0, 5],
[8, 0, 0, 4.6898307136908866, 0.9590757985414549, 1, 0, 4],
[9, 0, 0, 6.005460755728532, 0.8604453261334397, 1, 0, 4],
[10, 1, 0, 5.7982979890982325, 0.6778925873763667, 1, 2, 4],

Current Tappers Status:
[1, 1, 0, 0, 5.1024758198328515, 0.6094152078438513, 0],
[2, 2, 0, 0, 6.0847529672265255, 0.9436201836338812, 0],
[3, 3, 0, 0, 4.910449732375944, 0.891170290002552, 0],
[4, 4, 0, 0, 4.703050449153867, 0.8847172977965849, 0],
[5, 5, 0, 0, 5.379671240391841, 0.8000810613883811, 0],
[6, 6, 0, 0, 6.043267659847187, 0.9708858260225331, 0],
[7, 7, 0, 0, 3.72640187113005, 0.7258849744604686, 0],
[8, 8, 0, 0, 3.566896555367632, 0.5744862656577276, 0],
[9, 9, 0, 0, 4.39118371544004, 0.7625367219378751, 0],
[10, -1, 0, 1, 5.868604646307298, 0.9240082926968023, 2],
[11, 10, 0, 0, 6.484262209457723, 0.8956975427075463, 2],

--- Iteration 2 ---
Tapper 10 winked at Sitter 8.
[10, 8]
Tapper 8 is assigned to Sitter 8.
Sitter Value: 4.497903136757328, Tapper Value: 2.049133082080563, Total: 6.547036218837891, Random: 0.0599602127130055
[4.497903136757328,2.049133082080563,6.547036218837891,0.0599602127130055]
Sitter 8 escaped successfully!

Current Sitters Status:
[1, 0, 0, 4.6272597320637905, 0.7822288759802531, 0.8, 0, 3],
[2, 0, 0, 6.795521380709072, 0.7366809030285655, 0.8, 0, 1],
[3, 0, 0, 5.298918423276397, 0.5843234244275308, 1.2, 0, 2],
[4, 0, 0, 5.2320595822229, 0.508681875190151, 1, 0, 3],
[5, 0, 0, 4.629776776280631, 0.7105064254831989, 1.2, 0, 4],
[6, 0, 0, 5.539541521244413, 0.5429855351295241, 1, 0, 3],
[7, 0, 0, 5.383285045248577, 0.6534651324182366, 1, 0, 4],
[8, 1, 0, 4.6898307136908866, 0.9590757985414549, 1, 2, 5],
[9, 0, 0, 6.005460755728532, 0.8604453261334397, 1, 0, 3],
[10, 1, 0, 5.7982979890982325, 0.6778925873763667, 1, 2, 3],

Current Tappers Status:
[1, 1, 0, 0, 5.1024758198328515, 0.6094152078438513, 0],
[2, 2, 0, 0, 6.0847529672265255, 0.9436201836338812, 0],
[3, 3, 0, 0, 4.910449732375944, 0.891170290002552, 0],
[4, 4, 0, 0, 4.703050449153867, 0.8847172977965849, 0],
[5, 5, 0, 0, 5.379671240391841, 0.8000810613883811, 0],
[6, 6, 0, 0, 6.043267659847187, 0.9708858260225331, 0],
[7, 7, 0, 0, 3.72640187113005, 0.7258849744604686, 0],
[8, -1, 0, 1, 3.566896555367632, 0.5744862656577276, 2],
[9, 9, 0, 0, 4.39118371544004, 0.7625367219378751, 0],
[10, 8, 0, 1, 5.868604646307298, 0.9240082926968023, 4],
[11, 10, 0, 0, 6.484262209457723, 0.8956975427075463, 2],

--- Iteration 3 ---
Tapper 8 winked at Sitter 1.
[8, 1]
Tapper 1 is assigned to Sitter 1.
Sitter Value: 3.619576179080946, Tapper Value: 3.1095263622616627, Total: 6.729102541342609, Random: 6.449942226682091
[3.619576179080946,3.1095263622616627,6.729102541342609,6.449942226682091]
Sitter 1 was tapped.

Current Sitters Status:
[1, 0, 1, 4.6272597320637905, 0.7822288759802531, 0.8, 2, 5],
[2, 0, 0, 6.795521380709072, 0.7366809030285655, 0.8, -1, 0],
[3, 0, 0, 5.298918423276397, 0.5843234244275308, 1.2, 0, 1],
[4, 0, 0, 5.2320595822229, 0.508681875190151, 1, 0, 2],
[5, 0, 0, 4.629776776280631, 0.7105064254831989, 1.2, 0, 3],
[6, 0, 0, 5.539541521244413, 0.5429855351295241, 1, 0, 2],
[7, 0, 0, 5.383285045248577, 0.6534651324182366, 1, 0, 3],
[8, 1, 0, 4.6898307136908866, 0.9590757985414549, 1, 2, 4],
[9, 0, 0, 6.005460755728532, 0.8604453261334397, 1, 0, 2],
[10, 1, 0, 5.7982979890982325, 0.6778925873763667, 1, 2, 2],

Current Tappers Status:
[1, 1, 1, 0, 5.1024758198328515, 0.6094152078438513, 2],
[2, 2, 0, 0, 6.0847529672265255, 0.9436201836338812, 0],
[3, 3, 0, 0, 4.910449732375944, 0.891170290002552, 0],
[4, 4, 0, 0, 4.703050449153867, 0.8847172977965849, 0],
[5, 5, 0, 0, 5.379671240391841, 0.8000810613883811, -1],
[6, 6, 0, 0, 6.043267659847187, 0.9708858260225331, 0],
[7, 7, 0, 0, 3.72640187113005, 0.7258849744604686, 0],
[8, -1, 0, 1, 3.566896555367632, 0.5744862656577276, 4],
[9, 9, 0, 0, 4.39118371544004, 0.7625367219378751, 0],
[10, 8, 0, 1, 5.868604646307298, 0.9240082926968023, 4],
[11, 10, 0, 0, 6.484262209457723, 0.8956975427075463, 2],

--- Iteration 4 ---
Tapper 8 winked at Sitter 7.
[8, 7]
Tapper 7 is assigned to Sitter 7.
Sitter Value: 3.517789074938474, Tapper Value: 2.7049391270546788, Total: 6.222728201993153, Random: 4.408089554843459
[3.517789074938474,2.7049391270546788,6.222728201993153,4.408089554843459]
Sitter 7 was tapped.

Current Sitters Status:
[1, 0, 1, 4.6272597320637905, 0.7822288759802531, 0.8, 2, 4],
[2, 0, 0, 6.795521380709072, 0.7366809030285655, 0.8, -2, 0],
[3, 0, 0, 5.298918423276397, 0.5843234244275308, 1.2, -1, 0],
[4, 0, 0, 5.2320595822229, 0.508681875190151, 1, 0, 1],
[5, 0, 0, 4.629776776280631, 0.7105064254831989, 1.2, 0, 2],
[6, 0, 0, 5.539541521244413, 0.5429855351295241, 1, 0, 1],
[7, 0, 1, 5.383285045248577, 0.6534651324182366, 1, 2, 6],
[8, 1, 0, 4.6898307136908866, 0.9590757985414549, 1, 2, 3],
[9, 0, 0, 6.005460755728532, 0.8604453261334397, 1, 0, 1],
[10, 1, 0, 5.7982979890982325, 0.6778925873763667, 1, 2, 1],

Current Tappers Status:
[1, 1, 1, 0, 5.1024758198328515, 0.6094152078438513, 2],
[2, 2, 0, 0, 6.0847529672265255, 0.9436201836338812, 0],
[3, 3, 0, 0, 4.910449732375944, 0.891170290002552, 0],
[4, 4, 0, 0, 4.703050449153867, 0.8847172977965849, 0],
[5, 5, 0, 0, 5.379671240391841, 0.8000810613883811, -2],
[6, 6, 0, 0, 6.043267659847187, 0.9708858260225331, 0],
[7, 7, 1, 0, 3.72640187113005, 0.7258849744604686, 2],
[8, -1, 0, 1, 3.566896555367632, 0.5744862656577276, 6],
[9, 9, 0, 0, 4.39118371544004, 0.7625367219378751, 0],
[10, 8, 0, 1, 5.868604646307298, 0.9240082926968023, 4],
[11, 10, 0, 0, 6.484262209457723, 0.8956975427075463, 2],

--- Iteration 5 ---
Tapper 8 winked at Sitter 4.
[8, 4]
Tapper 4 is assigned to Sitter 4.
Sitter Value: 2.6614538793917424, Tapper Value: 4.160870084776424, Total: 6.8223239641681666, Random: 3.75232137611204
[2.6614538793917424,4.160870084776424,6.8223239641681666,3.75232137611204]
Sitter 4 was tapped.

Current Sitters Status:
[1, 0, 1, 4.6272597320637905, 0.7822288759802531, 0.8, 2, 3],
[2, 0, 0, 6.795521380709072, 0.7366809030285655, 0.8, -3, 0],
[3, 0, 0, 5.298918423276397, 0.5843234244275308, 1.2, -2, 0],
[4, 0, 1, 5.2320595822229, 0.508681875190151, 1, 2, 5],
[5, 0, 0, 4.629776776280631, 0.7105064254831989, 1.2, 0, 1],
[6, 0, 0, 5.539541521244413, 0.5429855351295241, 1, -1, 0],
[7, 0, 1, 5.383285045248577, 0.6534651324182366, 1, 2, 5],
[8, 1, 0, 4.6898307136908866, 0.9590757985414549, 1, 2, 2],
[9, 0, 0, 6.005460755728532, 0.8604453261334397, 1, -1, 0],
[10, 1, 0, 5.7982979890982325, 0.6778925873763667, 1, 1, 0],

Current Tappers Status:
[1, 1, 1, 0, 5.1024758198328515, 0.6094152078438513, 2],
[2, 2, 0, 0, 6.0847529672265255, 0.9436201836338812, -1],
[3, 3, 0, 0, 4.910449732375944, 0.891170290002552, -1],
[4, 4, 1, 0, 4.703050449153867, 0.8847172977965849, 2],
[5, 5, 0, 0, 5.379671240391841, 0.8000810613883811, -3],
[6, 6, 0, 0, 6.043267659847187, 0.9708858260225331, 0],
[7, 7, 1, 0, 3.72640187113005, 0.7258849744604686, 2],
[8, -1, 0, 1, 3.566896555367632, 0.5744862656577276, 8],
[9, 9, 0, 0, 4.39118371544004, 0.7625367219378751, 0],
[10, 8, 0, 1, 5.868604646307298, 0.9240082926968023, 3],
[11, 10, 0, 0, 6.484262209457723, 0.8956975427075463, 2],

--- Iteration 6 ---
Tapper 8 winked at Sitter 7.
[8, 7]
Tapper 7 is assigned to Sitter 7.
Sitter Value: 3.517789074938474, Tapper Value: 2.7049391270546788, Total: 6.222728201993153, Random: 0.11650882130891942
[3.517789074938474,2.7049391270546788,6.222728201993153,0.11650882130891942]
Sitter 7 escaped successfully!

Current Sitters Status:
[1, 0, 1, 4.6272597320637905, 0.7822288759802531, 0.8, 2, 2],
[2, 0, 0, 6.795521380709072, 0.7366809030285655, 0.8, -4, 0],
[3, 0, 0, 5.298918423276397, 0.5843234244275308, 1.2, -3, 0],
[4, 0, 1, 5.2320595822229, 0.508681875190151, 1, 2, 4],
[5, 0, 0, 4.629776776280631, 0.7105064254831989, 1.2, -1, 0],
[6, 0, 0, 5.539541521244413, 0.5429855351295241, 1, -2, 0],
[7, 1, 1, 5.383285045248577, 0.6534651324182366, 1, 4, 6],
[8, 1, 0, 4.6898307136908866, 0.9590757985414549, 1, 2, 1],
[9, 0, 0, 6.005460755728532, 0.8604453261334397, 1, -2, 0],
[10, 1, 0, 5.7982979890982325, 0.6778925873763667, 1, 0, 0],

Current Tappers Status:
[1, 1, 1, 0, 5.1024758198328515, 0.6094152078438513, 2],
[2, 2, 0, 0, 6.0847529672265255, 0.9436201836338812, -2],
[3, 3, 0, 0, 4.910449732375944, 0.891170290002552, -2],
[4, 4, 1, 0, 4.703050449153867, 0.8847172977965849, 2],
[5, 5, 0, 0, 5.379671240391841, 0.8000810613883811, -4],
[6, 6, 0, 0, 6.043267659847187, 0.9708858260225331, -1],
[7, -1, 1, 1, 3.72640187113005, 0.7258849744604686, 4],
[8, 7, 0, 1, 3.566896555367632, 0.5744862656577276, 10],
[9, 9, 0, 0, 4.39118371544004, 0.7625367219378751, -1],
[10, 8, 0, 1, 5.868604646307298, 0.9240082926968023, 2],
[11, 10, 0, 0, 6.484262209457723, 0.8956975427075463, 1],

--- Iteration 7 ---
Tapper 7 winked at Sitter 6.
[7, 6]
Tapper 6 is assigned to Sitter 6.
Sitter Value: 3.007890917285115, Tapper Value: 5.867322913805997, Total: 8.875213831091113, Random: 0.4227652223712774
[3.007890917285115,5.867322913805997,8.875213831091113,0.4227652223712774]
Sitter 6 escaped successfully!

Current Sitters Status:
[1, 0, 1, 4.6272597320637905, 0.7822288759802531, 0.8, 2, 1],
[2, 0, 0, 6.795521380709072, 0.7366809030285655, 0.8, -5, 0],
[3, 0, 0, 5.298918423276397, 0.5843234244275308, 1.2, -4, 0],
[4, 0, 1, 5.2320595822229, 0.508681875190151, 1, 2, 3],
[5, 0, 0, 4.629776776280631, 0.7105064254831989, 1.2, -2, 0],
[6, 1, 0, 5.539541521244413, 0.5429855351295241, 1, 0, 5],
[7, 1, 1, 5.383285045248577, 0.6534651324182366, 1, 4, 5],
[8, 1, 0, 4.6898307136908866, 0.9590757985414549, 1, 1, 0],
[9, 0, 0, 6.005460755728532, 0.8604453261334397, 1, -3, 0],
[10, 1, 0, 5.7982979890982325, 0.6778925873763667, 1, -1, 0],

Current Tappers Status:
[1, 1, 1, 0, 5.1024758198328515, 0.6094152078438513, 2],
[2, 2, 0, 0, 6.0847529672265255, 0.9436201836338812, -3],
[3, 3, 0, 0, 4.910449732375944, 0.891170290002552, -3],
[4, 4, 1, 0, 4.703050449153867, 0.8847172977965849, 2],
[5, 5, 0, 0, 5.379671240391841, 0.8000810613883811, -5],
[6, -1, 0, 1, 6.043267659847187, 0.9708858260225331, 1],
[7, 6, 1, 1, 3.72640187113005, 0.7258849744604686, 6],
[8, 7, 0, 1, 3.566896555367632, 0.5744862656577276, 10],
[9, 9, 0, 0, 4.39118371544004, 0.7625367219378751, -2],
[10, 8, 0, 1, 5.868604646307298, 0.9240082926968023, 1],
[11, 10, 0, 0, 6.484262209457723, 0.8956975427075463, 0],

--- Iteration 8 ---
Tapper 6 winked at Sitter 1.
[6, 1]
Tapper 1 is assigned to Sitter 1.
Sitter Value: 3.619576179080946, Tapper Value: 3.1095263622616627, Total: 6.729102541342609, Random: 3.645279341135911
[3.619576179080946,3.1095263622616627,6.729102541342609,3.645279341135911]
Sitter 1 was tapped.

Current Sitters Status:
[1, 0, 2, 4.6272597320637905, 0.7822288759802531, 0.8, 4, 5],
[2, 0, 0, 6.795521380709072, 0.7366809030285655, 0.8, -6, 0],
[3, 0, 0, 5.298918423276397, 0.5843234244275308, 1.2, -5, 0],
[4, 0, 1, 5.2320595822229, 0.508681875190151, 1, 2, 2],
[5, 0, 0, 4.629776776280631, 0.7105064254831989, 1.2, -3, 0],
[6, 1, 0, 5.539541521244413, 0.5429855351295241, 1, 0, 4],
[7, 1, 1, 5.383285045248577, 0.6534651324182366, 1, 4, 4],
[8, 1, 0, 4.6898307136908866, 0.9590757985414549, 1, 0, 0],
[9, 0, 0, 6.005460755728532, 0.8604453261334397, 1, -4, 0],
[10, 1, 0, 5.7982979890982325, 0.6778925873763667, 1, -2, 0],

Current Tappers Status:
[1, 1, 2, 0, 5.1024758198328515, 0.6094152078438513, 4],
[2, 2, 0, 0, 6.0847529672265255, 0.9436201836338812, -4],
[3, 3, 0, 0, 4.910449732375944, 0.891170290002552, -4],
[4, 4, 1, 0, 4.703050449153867, 0.8847172977965849, 2],
[5, 5, 0, 0, 5.379671240391841, 0.8000810613883811, -6],
[6, -1, 0, 1, 6.043267659847187, 0.9708858260225331, 3],
[7, 6, 1, 1, 3.72640187113005, 0.7258849744604686, 6],
[8, 7, 0, 1, 3.566896555367632, 0.5744862656577276, 10],
[9, 9, 0, 0, 4.39118371544004, 0.7625367219378751, -3],
[10, 8, 0, 1, 5.868604646307298, 0.9240082926968023, 0],
[11, 10, 0, 0, 6.484262209457723, 0.8956975427075463, -1],

--- Iteration 9 ---
Tapper 6 winked at Sitter 8.
[6, 8]
Tapper 10 is assigned to Sitter 8.
Sitter Value: 4.497903136757328, Tapper Value: 5.422639359746928, Total: 9.920542496504256, Random: 5.109091750706453
[4.497903136757328,5.422639359746928,9.920542496504256,5.109091750706453]
Sitter 8 was tapped.

Current Sitters Status:
[1, 0, 2, 4.6272597320637905, 0.7822288759802531, 0.8, 4, 4],
[2, 0, 0, 6.795521380709072, 0.7366809030285655, 0.8, -7, 0],
[3, 0, 0, 5.298918423276397, 0.5843234244275308, 1.2, -6, 0],
[4, 0, 1, 5.2320595822229, 0.508681875190151, 1, 2, 1],
[5, 0, 0, 4.629776776280631, 0.7105064254831989, 1.2, -4, 0],
[6, 1, 0, 5.539541521244413, 0.5429855351295241, 1, 0, 3],
[7, 1, 1, 5.383285045248577, 0.6534651324182366, 1, 4, 3],
[8, 1, 1, 4.6898307136908866, 0.9590757985414549, 1, 2, 5],
[9, 0, 0, 6.005460755728532, 0.8604453261334397, 1, -5, 0],
[10, 1, 0, 5.7982979890982325, 0.6778925873763667, 1, -3, 0],

Current Tappers Status:
[1, 1, 2, 0, 5.1024758198328515, 0.6094152078438513, 4],
[2, 2, 0, 0, 6.0847529672265255, 0.9436201836338812, -5],
[3, 3, 0, 0, 4.910449732375944, 0.891170290002552, -5],
[4, 4, 1, 0, 4.703050449153867, 0.8847172977965849, 2],
[5, 5, 0, 0, 5.379671240391841, 0.8000810613883811, -7],
[6, -1, 0, 1, 6.043267659847187, 0.9708858260225331, 5],
[7, 6, 1, 1, 3.72640187113005, 0.7258849744604686, 6],
[8, 7, 0, 1, 3.566896555367632, 0.5744862656577276, 10],
[9, 9, 0, 0, 4.39118371544004, 0.7625367219378751, -4],
[10, 8, 1, 1, 5.868604646307298, 0.9240082926968023, 2],
[11, 10, 0, 0, 6.484262209457723, 0.8956975427075463, -2],

--- Iteration 10 ---
Tapper 6 winked at Sitter 6.
[6, 6]
Tapper 7 is assigned to Sitter 6.
Sitter Value: 3.007890917285115, Tapper Value: 2.7049391270546788, Total: 5.712830044339794, Random: 4.682625213518677
[3.007890917285115,2.7049391270546788,5.712830044339794,4.682625213518677]
Sitter 6 was tapped.

Current Sitters Status:
[1, 0, 2, 4.6272597320637905, 0.7822288759802531, 0.8, 4, 3],
[2, 0, 0, 6.795521380709072, 0.7366809030285655, 0.8, -8, 0],
[3, 0, 0, 5.298918423276397, 0.5843234244275308, 1.2, -7, 0],
[4, 0, 1, 5.2320595822229, 0.508681875190151, 1, 1, 0],
[5, 0, 0, 4.629776776280631, 0.7105064254831989, 1.2, -5, 0],
[6, 1, 1, 5.539541521244413, 0.5429855351295241, 1, 2, 5],
[7, 1, 1, 5.383285045248577, 0.6534651324182366, 1, 4, 2],
[8, 1, 1, 4.6898307136908866, 0.9590757985414549, 1, 2, 4],
[9, 0, 0, 6.005460755728532, 0.8604453261334397, 1, -6, 0],
[10, 1, 0, 5.7982979890982325, 0.6778925873763667, 1, -4, 0],

Current Tappers Status:
[1, 1, 2, 0, 5.1024758198328515, 0.6094152078438513, 4],
[2, 2, 0, 0, 6.0847529672265255, 0.9436201836338812, -6],
[3, 3, 0, 0, 4.910449732375944, 0.891170290002552, -6],
[4, 4, 1, 0, 4.703050449153867, 0.8847172977965849, 2],
[5, 5, 0, 0, 5.379671240391841, 0.8000810613883811, -8],
[6, -1, 0, 1, 6.043267659847187, 0.9708858260225331, 7],
[7, 6, 2, 1, 3.72640187113005, 0.7258849744604686, 8],
[8, 7, 0, 1, 3.566896555367632, 0.5744862656577276, 10],
[9, 9, 0, 0, 4.39118371544004, 0.7625367219378751, -5],
[10, 8, 1, 1, 5.868604646307298, 0.9240082926968023, 2],
[11, 10, 0, 0, 6.484262209457723, 0.8956975427075463, -3],

--- Iteration 11 ---
Tapper 6 winked at Sitter 6.
[6, 6]
Tapper 7 is assigned to Sitter 6.
Sitter Value: 3.007890917285115, Tapper Value: 2.7049391270546788, Total: 5.712830044339794, Random: 3.7905161993677456
[3.007890917285115,2.7049391270546788,5.712830044339794,3.7905161993677456]
Sitter 6 was tapped.

Current Sitters Status:
[1, 0, 2, 4.6272597320637905, 0.7822288759802531, 0.8, 4, 2],
[2, 0, 0, 6.795521380709072, 0.7366809030285655, 0.8, -9, 0],
[3, 0, 0, 5.298918423276397, 0.5843234244275308, 1.2, -8, 0],
[4, 0, 1, 5.2320595822229, 0.508681875190151, 1, 0, 0],
[5, 0, 0, 4.629776776280631, 0.7105064254831989, 1.2, -6, 0],
[6, 1, 2, 5.539541521244413, 0.5429855351295241, 1, 4, 5],
[7, 1, 1, 5.383285045248577, 0.6534651324182366, 1, 4, 1],
[8, 1, 1, 4.6898307136908866, 0.9590757985414549, 1, 2, 3],
[9, 0, 0, 6.005460755728532, 0.8604453261334397, 1, -7, 0],
[10, 1, 0, 5.7982979890982325, 0.6778925873763667, 1, -5, 0],

Current Tappers Status:
[1, 1, 2, 0, 5.1024758198328515, 0.6094152078438513, 4],
[2, 2, 0, 0, 6.0847529672265255, 0.9436201836338812, -7],
[3, 3, 0, 0, 4.910449732375944, 0.891170290002552, -7],
[4, 4, 1, 0, 4.703050449153867, 0.8847172977965849, 1],
[5, 5, 0, 0, 5.379671240391841, 0.8000810613883811, -9],
[6, -1, 0, 1, 6.043267659847187, 0.9708858260225331, 9],
[7, 6, 3, 1, 3.72640187113005, 0.7258849744604686, 10],
[8, 7, 0, 1, 3.566896555367632, 0.5744862656577276, 9],
[9, 9, 0, 0, 4.39118371544004, 0.7625367219378751, -6],
[10, 8, 1, 1, 5.868604646307298, 0.9240082926968023, 2],
[11, 10, 0, 0, 6.484262209457723, 0.8956975427075463, -4],

--- Iteration 12 ---
Tapper 6 winked at Sitter 9.
[6, 9]
Tapper 9 is assigned to Sitter 9.
Sitter Value: 5.16737063854441, Tapper Value: 3.3484388357986274, Total: 8.515809474343037, Random: 4.545212211784566
[5.16737063854441,3.3484388357986274,8.515809474343037,4.545212211784566]
Sitter 9 escaped successfully!

Current Sitters Status:
[1, 0, 2, 4.6272597320637905, 0.7822288759802531, 0.8, 4, 1],
[2, 0, 0, 6.795521380709072, 0.7366809030285655, 0.8, -10, 0],
[3, 0, 0, 5.298918423276397, 0.5843234244275308, 1.2, -9, 0],
[4, 0, 1, 5.2320595822229, 0.508681875190151, 1, -1, 0],
[5, 0, 0, 4.629776776280631, 0.7105064254831989, 1.2, -7, 0],
[6, 1, 2, 5.539541521244413, 0.5429855351295241, 1, 4, 4],
[7, 1, 1, 5.383285045248577, 0.6534651324182366, 1, 3, 0],
[8, 1, 1, 4.6898307136908866, 0.9590757985414549, 1, 2, 2],
[9, 1, 0, 6.005460755728532, 0.8604453261334397, 1, -5, 5],
[10, 1, 0, 5.7982979890982325, 0.6778925873763667, 1, -6, 0],

Current Tappers Status:
[1, 1, 2, 0, 5.1024758198328515, 0.6094152078438513, 4],
[2, 2, 0, 0, 6.0847529672265255, 0.9436201836338812, -8],
[3, 3, 0, 0, 4.910449732375944, 0.891170290002552, -8],
[4, 4, 1, 0, 4.703050449153867, 0.8847172977965849, 0],
[5, 5, 0, 0, 5.379671240391841, 0.8000810613883811, -10],
[6, 9, 0, 1, 6.043267659847187, 0.9708858260225331, 11],
[7, 6, 3, 1, 3.72640187113005, 0.7258849744604686, 10],
[8, 7, 0, 1, 3.566896555367632, 0.5744862656577276, 8],
[9, -1, 0, 1, 4.39118371544004, 0.7625367219378751, -4],
[10, 8, 1, 1, 5.868604646307298, 0.9240082926968023, 1],
[11, 10, 0, 0, 6.484262209457723, 0.8956975427075463, -5],

--- Iteration 13 ---
Tapper 9 winked at Sitter 1.
[9, 1]
Tapper 1 is assigned to Sitter 1.
Sitter Value: 3.619576179080946, Tapper Value: 3.1095263622616627, Total: 6.729102541342609, Random: 4.291713180074024
[3.619576179080946,3.1095263622616627,6.729102541342609,4.291713180074024]
Sitter 1 was tapped.

Current Sitters Status:
[1, 0, 3, 4.6272597320637905, 0.7822288759802531, 0.8, 6, 5],
[2, 0, 0, 6.795521380709072, 0.7366809030285655, 0.8, -11, 0],
[3, 0, 0, 5.298918423276397, 0.5843234244275308, 1.2, -10, 0],
[4, 0, 1, 5.2320595822229, 0.508681875190151, 1, -2, 0],
[5, 0, 0, 4.629776776280631, 0.7105064254831989, 1.2, -8, 0],
[6, 1, 2, 5.539541521244413, 0.5429855351295241, 1, 4, 3],
[7, 1, 1, 5.383285045248577, 0.6534651324182366, 1, 2, 0],
[8, 1, 1, 4.6898307136908866, 0.9590757985414549, 1, 2, 1],
[9, 1, 0, 6.005460755728532, 0.8604453261334397, 1, -5, 4],
[10, 1, 0, 5.7982979890982325, 0.6778925873763667, 1, -7, 0],

Current Tappers Status:
[1, 1, 3, 0, 5.1024758198328515, 0.6094152078438513, 6],
[2, 2, 0, 0, 6.0847529672265255, 0.9436201836338812, -9],
[3, 3, 0, 0, 4.910449732375944, 0.891170290002552, -9],
[4, 4, 1, 0, 4.703050449153867, 0.8847172977965849, -1],
[5, 5, 0, 0, 5.379671240391841, 0.8000810613883811, -11],
[6, 9, 0, 1, 6.043267659847187, 0.9708858260225331, 11],
[7, 6, 3, 1, 3.72640187113005, 0.7258849744604686, 10],
[8, 7, 0, 1, 3.566896555367632, 0.5744862656577276, 7],
[9, -1, 0, 1, 4.39118371544004, 0.7625367219378751, -2],
[10, 8, 1, 1, 5.868604646307298, 0.9240082926968023, 0],
[11, 10, 0, 0, 6.484262209457723, 0.8956975427075463, -6],

--- Iteration 14 ---
Tapper 9 winked at Sitter 6.
[9, 6]
Tapper 7 is assigned to Sitter 6.
Sitter Value: 3.007890917285115, Tapper Value: 2.7049391270546788, Total: 5.712830044339794, Random: 0.0493444585245735
[3.007890917285115,2.7049391270546788,5.712830044339794,0.0493444585245735]
Sitter 6 escaped successfully!

Current Sitters Status:
[1, 0, 3, 4.6272597320637905, 0.7822288759802531, 0.8, 6, 4],
[2, 0, 0, 6.795521380709072, 0.7366809030285655, 0.8, -12, 0],
[3, 0, 0, 5.298918423276397, 0.5843234244275308, 1.2, -11, 0],
[4, 0, 1, 5.2320595822229, 0.508681875190151, 1, -3, 0],
[5, 0, 0, 4.629776776280631, 0.7105064254831989, 1.2, -9, 0],
[6, 2, 2, 5.539541521244413, 0.5429855351295241, 1, 6, 5],
[7, 1, 1, 5.383285045248577, 0.6534651324182366, 1, 1, 0],
[8, 1, 1, 4.6898307136908866, 0.9590757985414549, 1, 1, 0],
[9, 1, 0, 6.005460755728532, 0.8604453261334397, 1, -5, 3],
[10, 1, 0, 5.7982979890982325, 0.6778925873763667, 1, -8, 0],

Current Tappers Status:
[1, 1, 3, 0, 5.1024758198328515, 0.6094152078438513, 6],
[2, 2, 0, 0, 6.0847529672265255, 0.9436201836338812, -10],
[3, 3, 0, 0, 4.910449732375944, 0.891170290002552, -10],
[4, 4, 1, 0, 4.703050449153867, 0.8847172977965849, -2],
[5, 5, 0, 0, 5.379671240391841, 0.8000810613883811, -12],
[6, 9, 0, 1, 6.043267659847187, 0.9708858260225331, 11],
[7, -1, 3, 2, 3.72640187113005, 0.7258849744604686, 12],
[8, 7, 0, 1, 3.566896555367632, 0.5744862656577276, 6],
[9, 6, 0, 1, 4.39118371544004, 0.7625367219378751, 0],
[10, 8, 1, 1, 5.868604646307298, 0.9240082926968023, -1],
[11, 10, 0, 0, 6.484262209457723, 0.8956975427075463, -7],

--- Iteration 15 ---
Tapper 7 winked at Sitter 4.
[7, 4]
Tapper 4 is assigned to Sitter 4.
Sitter Value: 2.6614538793917424, Tapper Value: 4.160870084776424, Total: 6.8223239641681666, Random: 2.1573354953241846
[2.6614538793917424,4.160870084776424,6.8223239641681666,2.1573354953241846]
Sitter 4 escaped successfully!

Current Sitters Status:
[1, 0, 3, 4.6272597320637905, 0.7822288759802531, 0.8, 6, 3],
[2, 0, 0, 6.795521380709072, 0.7366809030285655, 0.8, -13, 0],
[3, 0, 0, 5.298918423276397, 0.5843234244275308, 1.2, -12, 0],
[4, 1, 1, 5.2320595822229, 0.508681875190151, 1, -1, 5],
[5, 0, 0, 4.629776776280631, 0.7105064254831989, 1.2, -10, 0],
[6, 2, 2, 5.539541521244413, 0.5429855351295241, 1, 6, 4],
[7, 1, 1, 5.383285045248577, 0.6534651324182366, 1, 0, 0],
[8, 1, 1, 4.6898307136908866, 0.9590757985414549, 1, 0, 0],
[9, 1, 0, 6.005460755728532, 0.8604453261334397, 1, -5, 2],
[10, 1, 0, 5.7982979890982325, 0.6778925873763667, 1, -9, 0],

Current Tappers Status:
[1, 1, 3, 0, 5.1024758198328515, 0.6094152078438513, 6],
[2, 2, 0, 0, 6.0847529672265255, 0.9436201836338812, -11],
[3, 3, 0, 0, 4.910449732375944, 0.891170290002552, -11],
[4, -1, 1, 1, 4.703050449153867, 0.8847172977965849, 0],
[5, 5, 0, 0, 5.379671240391841, 0.8000810613883811, -13],
[6, 9, 0, 1, 6.043267659847187, 0.9708858260225331, 11],
[7, 4, 3, 2, 3.72640187113005, 0.7258849744604686, 14],
[8, 7, 0, 1, 3.566896555367632, 0.5744862656577276, 5],
[9, 6, 0, 1, 4.39118371544004, 0.7625367219378751, 0],
[10, 8, 1, 1, 5.868604646307298, 0.9240082926968023, -2],
[11, 10, 0, 0, 6.484262209457723, 0.8956975427075463, -8],

--- Iteration 16 ---
Tapper 4 winked at Sitter 1.
[4, 1]
Tapper 1 is assigned to Sitter 1.
Sitter Value: 3.619576179080946, Tapper Value: 3.1095263622616627, Total: 6.729102541342609, Random: 2.0513825898518605
[3.619576179080946,3.1095263622616627,6.729102541342609,2.0513825898518605]
Sitter 1 escaped successfully!

Current Sitters Status:
[1, 1, 3, 4.6272597320637905, 0.7822288759802531, 0.8, 8, 5],
[2, 0, 0, 6.795521380709072, 0.7366809030285655, 0.8, -14, 0],
[3, 0, 0, 5.298918423276397, 0.5843234244275308, 1.2, -13, 0],
[4, 1, 1, 5.2320595822229, 0.508681875190151, 1, -1, 4],
[5, 0, 0, 4.629776776280631, 0.7105064254831989, 1.2, -11, 0],
[6, 2, 2, 5.539541521244413, 0.5429855351295241, 1, 6, 3],
[7, 1, 1, 5.383285045248577, 0.6534651324182366, 1, -1, 0],
[8, 1, 1, 4.6898307136908866, 0.9590757985414549, 1, -1, 0],
[9, 1, 0, 6.005460755728532, 0.8604453261334397, 1, -5, 1],
[10, 1, 0, 5.7982979890982325, 0.6778925873763667, 1, -10, 0],

Current Tappers Status:
[1, -1, 3, 1, 5.1024758198328515, 0.6094152078438513, 8],
[2, 2, 0, 0, 6.0847529672265255, 0.9436201836338812, -12],
[3, 3, 0, 0, 4.910449732375944, 0.891170290002552, -12],
[4, 1, 1, 1, 4.703050449153867, 0.8847172977965849, 2],
[5, 5, 0, 0, 5.379671240391841, 0.8000810613883811, -14],
[6, 9, 0, 1, 6.043267659847187, 0.9708858260225331, 11],
[7, 4, 3, 2, 3.72640187113005, 0.7258849744604686, 14],
[8, 7, 0, 1, 3.566896555367632, 0.5744862656577276, 4],
[9, 6, 0, 1, 4.39118371544004, 0.7625367219378751, 0],
[10, 8, 1, 1, 5.868604646307298, 0.9240082926968023, -3],
[11, 10, 0, 0, 6.484262209457723, 0.8956975427075463, -9],

--- Iteration 17 ---
Tapper 1 winked at Sitter 8.
[1, 8]
Tapper 10 is assigned to Sitter 8.
Sitter Value: 4.497903136757328, Tapper Value: 5.422639359746928, Total: 9.920542496504256, Random: 8.880744171758813
[4.497903136757328,5.422639359746928,9.920542496504256,8.880744171758813]
Sitter 8 was tapped.

Current Sitters Status:
[1, 1, 3, 4.6272597320637905, 0.7822288759802531, 0.8, 8, 4],
[2, 0, 0, 6.795521380709072, 0.7366809030285655, 0.8, -15, 0],
[3, 0, 0, 5.298918423276397, 0.5843234244275308, 1.2, -14, 0],
[4, 1, 1, 5.2320595822229, 0.508681875190151, 1, -1, 3],
[5, 0, 0, 4.629776776280631, 0.7105064254831989, 1.2, -12, 0],
[6, 2, 2, 5.539541521244413, 0.5429855351295241, 1, 6, 2],
[7, 1, 1, 5.383285045248577, 0.6534651324182366, 1, -2, 0],
[8, 1, 2, 4.6898307136908866, 0.9590757985414549, 1, 1, 5],
[9, 1, 0, 6.005460755728532, 0.8604453261334397, 1, -6, 0],
[10, 1, 0, 5.7982979890982325, 0.6778925873763667, 1, -11, 0],

Current Tappers Status:
[1, -1, 3, 1, 5.1024758198328515, 0.6094152078438513, 10],
[2, 2, 0, 0, 6.0847529672265255, 0.9436201836338812, -13],
[3, 3, 0, 0, 4.910449732375944, 0.891170290002552, -13],
[4, 1, 1, 1, 4.703050449153867, 0.8847172977965849, 2],
[5, 5, 0, 0, 5.379671240391841, 0.8000810613883811, -15],
[6, 9, 0, 1, 6.043267659847187, 0.9708858260225331, 11],
[7, 4, 3, 2, 3.72640187113005, 0.7258849744604686, 14],
[8, 7, 0, 1, 3.566896555367632, 0.5744862656577276, 3],
[9, 6, 0, 1, 4.39118371544004, 0.7625367219378751, 0],
[10, 8, 2, 1, 5.868604646307298, 0.9240082926968023, -1],
[11, 10, 0, 0, 6.484262209457723, 0.8956975427075463, -10],

--- Iteration 18 ---
Tapper 1 winked at Sitter 3.
[1, 3]
Tapper 3 is assigned to Sitter 3.
Sitter Value: 3.0962821588509963, Tapper Value: 4.376046912044424, Total: 7.4723290708954195, Random: 5.8253398119056286
[3.0962821588509963,4.376046912044424,7.4723290708954195,5.8253398119056286]
Sitter 3 was tapped.

Current Sitters Status:
[1, 1, 3, 4.6272597320637905, 0.7822288759802531, 0.8, 8, 3],
[2, 0, 0, 6.795521380709072, 0.7366809030285655, 0.8, -16, 0],
[3, 0, 1, 5.298918423276397, 0.5843234244275308, 1.2, -12, 4],
[4, 1, 1, 5.2320595822229, 0.508681875190151, 1, -1, 2],
[5, 0, 0, 4.629776776280631, 0.7105064254831989, 1.2, -13, 0],
[6, 2, 2, 5.539541521244413, 0.5429855351295241, 1, 6, 1],
[7, 1, 1, 5.383285045248577, 0.6534651324182366, 1, -3, 0],
[8, 1, 2, 4.6898307136908866, 0.9590757985414549, 1, 1, 4],
[9, 1, 0, 6.005460755728532, 0.8604453261334397, 1, -7, 0],
[10, 1, 0, 5.7982979890982325, 0.6778925873763667, 1, -12, 0],

Current Tappers Status:
[1, -1, 3, 1, 5.1024758198328515, 0.6094152078438513, 12],
[2, 2, 0, 0, 6.0847529672265255, 0.9436201836338812, -14],
[3, 3, 1, 0, 4.910449732375944, 0.891170290002552, -11],
[4, 1, 1, 1, 4.703050449153867, 0.8847172977965849, 2],
[5, 5, 0, 0, 5.379671240391841, 0.8000810613883811, -16],
[6, 9, 0, 1, 6.043267659847187, 0.9708858260225331, 10],
[7, 4, 3, 2, 3.72640187113005, 0.7258849744604686, 14],
[8, 7, 0, 1, 3.566896555367632, 0.5744862656577276, 2],
[9, 6, 0, 1, 4.39118371544004, 0.7625367219378751, 0],
[10, 8, 2, 1, 5.868604646307298, 0.9240082926968023, -1],
[11, 10, 0, 0, 6.484262209457723, 0.8956975427075463, -11],

--- Iteration 19 ---
Tapper 1 winked at Sitter 4.
[1, 4]
Tapper 7 is assigned to Sitter 4.
Sitter Value: 2.6614538793917424, Tapper Value: 2.7049391270546788, Total: 5.366393006446421, Random: 4.840130306637418
[2.6614538793917424,2.7049391270546788,5.366393006446421,4.840130306637418]
Sitter 4 was tapped.

Current Sitters Status:
[1, 1, 3, 4.6272597320637905, 0.7822288759802531, 0.8, 8, 2],
[2, 0, 0, 6.795521380709072, 0.7366809030285655, 0.8, -17, 0],
[3, 0, 1, 5.298918423276397, 0.5843234244275308, 1.2, -12, 3],
[4, 1, 2, 5.2320595822229, 0.508681875190151, 1, 1, 5],
[5, 0, 0, 4.629776776280631, 0.7105064254831989, 1.2, -14, 0],
[6, 2, 2, 5.539541521244413, 0.5429855351295241, 1, 5, 0],
[7, 1, 1, 5.383285045248577, 0.6534651324182366, 1, -4, 0],
[8, 1, 2, 4.6898307136908866, 0.9590757985414549, 1, 1, 3],
[9, 1, 0, 6.005460755728532, 0.8604453261334397, 1, -8, 0],
[10, 1, 0, 5.7982979890982325, 0.6778925873763667, 1, -13, 0],

Current Tappers Status:
[1, -1, 3, 1, 5.1024758198328515, 0.6094152078438513, 14],
[2, 2, 0, 0, 6.0847529672265255, 0.9436201836338812, -15],
[3, 3, 1, 0, 4.910449732375944, 0.891170290002552, -11],
[4, 1, 1, 1, 4.703050449153867, 0.8847172977965849, 2],
[5, 5, 0, 0, 5.379671240391841, 0.8000810613883811, -17],
[6, 9, 0, 1, 6.043267659847187, 0.9708858260225331, 9],
[7, 4, 4, 2, 3.72640187113005, 0.7258849744604686, 16],
[8, 7, 0, 1, 3.566896555367632, 0.5744862656577276, 1],
[9, 6, 0, 1, 4.39118371544004, 0.7625367219378751, 0],
[10, 8, 2, 1, 5.868604646307298, 0.9240082926968023, -1],
[11, 10, 0, 0, 6.484262209457723, 0.8956975427075463, -12],

--- Iteration 20 ---
Tapper 1 winked at Sitter 9.
[1, 9]
Tapper 6 is assigned to Sitter 9.
Sitter Value: 5.16737063854441, Tapper Value: 5.867322913805997, Total: 11.034693552350408, Random: 1.8783961821034194
[5.16737063854441,5.867322913805997,11.034693552350408,1.8783961821034194]
Sitter 9 escaped successfully!

Current Sitters Status:
[1, 1, 3, 4.6272597320637905, 0.7822288759802531, 0.8, 8, 1],
[2, 0, 0, 6.795521380709072, 0.7366809030285655, 0.8, -18, 0],
[3, 0, 1, 5.298918423276397, 0.5843234244275308, 1.2, -12, 2],
[4, 1, 2, 5.2320595822229, 0.508681875190151, 1, 1, 4],
[5, 0, 0, 4.629776776280631, 0.7105064254831989, 1.2, -15, 0],
[6, 2, 2, 5.539541521244413, 0.5429855351295241, 1, 4, 0],
[7, 1, 1, 5.383285045248577, 0.6534651324182366, 1, -5, 0],
[8, 1, 2, 4.6898307136908866, 0.9590757985414549, 1, 1, 2],
[9, 2, 0, 6.005460755728532, 0.8604453261334397, 1, -6, 5],
[10, 1, 0, 5.7982979890982325, 0.6778925873763667, 1, -14, 0],

Current Tappers Status:
[1, 9, 3, 1, 5.1024758198328515, 0.6094152078438513, 16],
[2, 2, 0, 0, 6.0847529672265255, 0.9436201836338812, -16],
[3, 3, 1, 0, 4.910449732375944, 0.891170290002552, -11],
[4, 1, 1, 1, 4.703050449153867, 0.8847172977965849, 2],
[5, 5, 0, 0, 5.379671240391841, 0.8000810613883811, -18],
[6, -1, 0, 2, 6.043267659847187, 0.9708858260225331, 11],
[7, 4, 4, 2, 3.72640187113005, 0.7258849744604686, 16],
[8, 7, 0, 1, 3.566896555367632, 0.5744862656577276, 0],
[9, 6, 0, 1, 4.39118371544004, 0.7625367219378751, -1],
[10, 8, 2, 1, 5.868604646307298, 0.9240082926968023, -2],
[11, 10, 0, 0, 6.484262209457723, 0.8956975427075463, -13],
